imagesource:GoogleEarth
gsd:0.12661580551
950.0 851.0 931.0 852.0 932.0 817.0 952.0 817.0 small-vehicle 1
475.0 982.0 456.0 982.0 461.0 841.0 481.0 842.0 large-vehicle 0
424.0 978.0 400.0 982.0 403.0 840.0 426.0 839.0 large-vehicle 0
395.0 984.0 373.0 985.0 376.0 842.0 399.0 843.0 large-vehicle 0
365.0 979.0 344.0 978.0 346.0 839.0 369.0 838.0 large-vehicle 0
337.0 977.0 317.0 977.0 321.0 836.0 339.0 835.0 large-vehicle 0
310.0 978.0 287.0 979.0 286.0 838.0 311.0 838.0 large-vehicle 0
154.0 947.0 250.0 947.0 250.0 971.0 154.0 971.0 large-vehicle 0
140.0 894.0 255.0 894.0 255.0 919.0 140.0 919.0 large-vehicle 0
116.0 862.0 236.0 862.0 236.0 888.0 116.0 888.0 large-vehicle 0
146.0 771.0 269.0 771.0 269.0 796.0 146.0 796.0 large-vehicle 0
136.0 741.0 271.0 741.0 271.0 766.0 136.0 766.0 large-vehicle 0
136.0 713.0 271.0 713.0 271.0 735.0 136.0 735.0 large-vehicle 0
157.0 679.0 252.0 679.0 252.0 701.0 157.0 701.0 large-vehicle 0
157.0 645.0 264.0 645.0 264.0 671.0 157.0 671.0 large-vehicle 0
146.0 614.0 268.0 614.0 268.0 641.0 146.0 641.0 large-vehicle 0
162.0 583.0 287.0 583.0 287.0 610.0 162.0 610.0 large-vehicle 0
145.0 555.0 285.0 555.0 285.0 580.0 145.0 580.0 large-vehicle 0
147.0 524.0 268.0 524.0 268.0 552.0 147.0 552.0 large-vehicle 0
450.0 979.0 429.0 979.0 433.0 841.0 454.0 840.0 large-vehicle 0
501.0 980.0 481.0 982.0 488.0 841.0 507.0 841.0 large-vehicle 0
1014.0 807.0 1033.0 805.0 1033.0 856.0 1012.0 855.0 small-vehicle 1
528.0 979.0 508.0 982.0 513.0 838.0 534.0 836.0 large-vehicle 0
968.0 797.0 990.0 798.0 992.0 851.0 969.0 851.0 small-vehicle 1
997.0 806.0 1013.0 806.0 1012.0 847.0 994.0 846.0 small-vehicle 0
1102.0 755.0 1083.0 758.0 1082.0 717.0 1099.0 711.0 small-vehicle 0
797.0 356.0 799.0 335.0 906.0 340.0 907.0 358.0 large-vehicle 0
804.0 236.0 805.0 213.0 911.0 213.0 912.0 235.0 large-vehicle 0
808.0 202.0 807.0 179.0 917.0 175.0 917.0 199.0 large-vehicle 0
801.0 167.0 800.0 142.0 923.0 142.0 923.0 166.0 large-vehicle 0
744.0 132.0 746.0 111.0 923.0 111.0 921.0 133.0 large-vehicle 0
587.0 497.0 702.0 489.0 703.0 514.0 587.0 522.0 large-vehicle 0
771.0 986.0 751.0 987.0 755.0 847.0 774.0 846.0 large-vehicle 0
744.0 986.0 723.0 987.0 728.0 845.0 748.0 844.0 large-vehicle 0
717.0 985.0 699.0 985.0 700.0 844.0 721.0 843.0 large-vehicle 0
692.0 986.0 671.0 988.0 671.0 843.0 695.0 843.0 large-vehicle 0
643.0 984.0 622.0 985.0 625.0 844.0 645.0 844.0 large-vehicle 0
613.0 986.0 593.0 988.0 596.0 843.0 617.0 844.0 large-vehicle 0
585.0 983.0 565.0 985.0 572.0 839.0 591.0 839.0 large-vehicle 0
557.0 985.0 535.0 984.0 544.0 841.0 567.0 841.0 large-vehicle 0
178.0 494.0 287.0 494.0 287.0 519.0 178.0 519.0 large-vehicle 0
