imagesource:GoogleEarth
gsd:0.11664875917
1782.0 315.0 1783.0 296.0 1818.0 299.0 1817.0 318.0 small-vehicle 1
1687.0 401.0 1674.0 383.0 1716.0 386.0 1715.0 405.0 small-vehicle 1
211.0 412.0 211.0 393.0 254.0 394.0 253.0 413.0 small-vehicle 0
210.0 431.0 211.0 412.0 255.0 415.0 254.0 434.0 small-vehicle 0
205.0 455.0 204.0 437.0 247.0 436.0 247.0 456.0 small-vehicle 0
206.0 478.0 206.0 458.0 247.0 458.0 247.0 477.0 small-vehicle 0
206.0 504.0 207.0 483.0 254.0 484.0 252.0 504.0 small-vehicle 0
192.0 533.0 192.0 514.0 239.0 516.0 239.0 534.0 small-vehicle 0
205.0 474.0 204.0 493.0 157.0 494.0 157.0 474.0 small-vehicle 0
207.0 444.0 206.0 467.0 145.0 466.0 146.0 443.0 small-vehicle 0
207.0 422.0 208.0 444.0 157.0 444.0 158.0 422.0 small-vehicle 0
208.0 397.0 207.0 416.0 165.0 416.0 165.0 396.0 small-vehicle 0
205.0 372.0 204.0 391.0 161.0 390.0 161.0 372.0 small-vehicle 0
208.0 328.0 207.0 348.0 165.0 349.0 164.0 329.0 small-vehicle 0
205.0 305.0 204.0 324.0 162.0 322.0 163.0 303.0 small-vehicle 0
210.0 277.0 210.0 299.0 164.0 299.0 162.0 278.0 small-vehicle 0
211.0 259.0 210.0 277.0 164.0 274.0 164.0 255.0 small-vehicle 0
214.0 187.0 212.0 206.0 168.0 203.0 169.0 184.0 small-vehicle 0
212.0 165.0 212.0 184.0 167.0 183.0 167.0 163.0 small-vehicle 0
219.0 141.0 217.0 164.0 162.0 158.0 163.0 136.0 small-vehicle 0
215.0 114.0 214.0 134.0 171.0 132.0 171.0 113.0 small-vehicle 0
212.0 92.0 212.0 111.0 167.0 110.0 168.0 90.0 small-vehicle 0
213.0 71.0 212.0 86.0 177.0 86.0 177.0 69.0 small-vehicle 0
214.0 47.0 214.0 62.0 172.0 62.0 173.0 46.0 small-vehicle 0
225.0 37.0 226.0 19.0 266.0 20.0 266.0 39.0 small-vehicle 0
217.0 25.0 216.0 42.0 179.0 40.0 180.0 23.0 small-vehicle 0
185.0 683.0 1752.0 729.0 1708.0 1482.0 172.0 1429.0 ground-track-field 0
535.0 823.0 1398.0 846.0 1386.0 1327.0 519.0 1303.0 soccer-ball-field 0
840.0 320.0 933.0 323.0 930.0 524.0 832.0 524.0 tennis-court 0
722.0 316.0 817.0 319.0 810.0 523.0 716.0 520.0 tennis-court 0
604.0 309.0 700.0 314.0 692.0 518.0 597.0 515.0 tennis-court 0
213.0 389.0 215.0 370.0 255.0 374.0 252.0 392.0 small-vehicle 0
210.0 368.0 212.0 351.0 251.0 353.0 249.0 371.0 small-vehicle 0
211.0 348.0 212.0 331.0 251.0 331.0 251.0 349.0 small-vehicle 0
1646.0 90.0 1647.0 73.0 1674.0 74.0 1673.0 91.0 small-vehicle 1
1636.0 64.0 1638.0 48.0 1679.0 50.0 1677.0 67.0 small-vehicle 0
1641.0 331.0 1641.0 313.0 1669.0 315.0 1668.0 331.0 small-vehicle 1
1476.0 1635.0 1461.0 1619.0 1490.0 1591.0 1504.0 1604.0 small-vehicle 0
949.0 162.0 936.0 155.0 940.0 134.0 953.0 135.0 small-vehicle 1
1066.0 79.0 1052.0 89.0 1031.0 51.0 1046.0 43.0 small-vehicle 0
955.0 126.0 936.0 125.0 936.0 107.0 954.0 104.0 small-vehicle 1
1089.0 67.0 1075.0 75.0 1051.0 38.0 1064.0 31.0 small-vehicle 0
1667.0 1640.0 1650.0 1626.0 1676.0 1595.0 1692.0 1608.0 small-vehicle 0
1777.0 446.0 1777.0 426.0 1814.0 426.0 1813.0 445.0 small-vehicle 1
1790.0 287.0 1789.0 269.0 1820.0 268.0 1818.0 286.0 small-vehicle 1
1821.0 211.0 1820.0 229.0 1786.0 229.0 1786.0 211.0 small-vehicle 1
1651.0 234.0 1651.0 216.0 1672.0 216.0 1673.0 234.0 small-vehicle 1
1649.0 186.0 1648.0 170.0 1674.0 170.0 1675.0 186.0 small-vehicle 1
1631.0 117.0 1631.0 96.0 1678.0 97.0 1677.0 118.0 small-vehicle 0
211.0 325.0 212.0 307.0 264.0 307.0 263.0 326.0 small-vehicle 0
1360.0 1585.0 1380.0 1595.0 1358.0 1635.0 1338.0 1625.0 small-vehicle 0
1260.0 1590.0 1259.0 1611.0 1213.0 1611.0 1214.0 1589.0 small-vehicle 0
1324.0 1586.0 1343.0 1595.0 1320.0 1641.0 1302.0 1633.0 small-vehicle 0
218.0 80.0 218.0 60.0 259.0 61.0 259.0 80.0 small-vehicle 0
222.0 56.0 223.0 39.0 263.0 40.0 262.0 57.0 small-vehicle 0
216.0 98.0 217.0 78.0 261.0 80.0 260.0 97.0 small-vehicle 0
220.0 116.0 220.0 97.0 263.0 100.0 261.0 117.0 small-vehicle 0
218.0 159.0 219.0 141.0 265.0 142.0 264.0 162.0 small-vehicle 0
219.0 182.0 218.0 163.0 262.0 164.0 262.0 181.0 small-vehicle 0
214.0 206.0 215.0 187.0 256.0 188.0 256.0 207.0 small-vehicle 0
217.0 245.0 219.0 227.0 259.0 229.0 259.0 246.0 small-vehicle 0
217.0 263.0 218.0 247.0 254.0 248.0 254.0 264.0 small-vehicle 0
209.0 303.0 251.0 304.0 252.0 287.0 211.0 286.0 small-vehicle 0
489.0 307.0 582.0 309.0 575.0 513.0 479.0 511.0 tennis-court 0
