imagesource:GoogleEarth
gsd:0.12775806503
969.0 759.0 959.0 772.0 920.0 743.0 932.0 725.0 large-vehicle 0
1025.0 434.0 1047.0 422.0 1134.0 580.0 1110.0 592.0 large-vehicle 0
745.0 569.0 766.0 558.0 845.0 716.0 825.0 726.0 large-vehicle 0
774.0 564.0 795.0 555.0 867.0 703.0 847.0 715.0 large-vehicle 0
796.0 557.0 817.0 547.0 892.0 696.0 871.0 706.0 large-vehicle 0
819.0 544.0 839.0 535.0 925.0 690.0 901.0 702.0 large-vehicle 0
839.0 526.0 861.0 516.0 945.0 671.0 926.0 684.0 large-vehicle 0
864.0 517.0 885.0 506.0 967.0 662.0 949.0 672.0 large-vehicle 0
910.0 494.0 930.0 482.0 1012.0 634.0 990.0 646.0 large-vehicle 0
930.0 477.0 952.0 466.0 1034.0 619.0 1014.0 631.0 large-vehicle 0
954.0 465.0 976.0 454.0 1056.0 607.0 1036.0 618.0 large-vehicle 0
1051.0 424.0 1072.0 415.0 1155.0 568.0 1137.0 580.0 large-vehicle 0
593.0 341.0 576.0 350.0 517.0 249.0 535.0 239.0 large-vehicle 0
1070.0 404.0 1092.0 394.0 1180.0 553.0 1157.0 566.0 large-vehicle 0
1250.0 696.0 1234.0 717.0 1148.0 642.0 1169.0 623.0 large-vehicle 0
1187.0 717.0 1172.0 737.0 1055.0 639.0 1067.0 620.0 large-vehicle 0
1181.0 749.0 1168.0 769.0 1034.0 657.0 1049.0 639.0 large-vehicle 0
1150.0 761.0 1132.0 781.0 1002.0 669.0 1015.0 649.0 large-vehicle 0
1119.0 770.0 1098.0 788.0 968.0 678.0 985.0 659.0 large-vehicle 0
951.0 846.0 935.0 865.0 801.0 752.0 820.0 731.0 large-vehicle 0
874.0 881.0 858.0 905.0 727.0 794.0 745.0 774.0 large-vehicle 0
849.0 896.0 835.0 918.0 705.0 809.0 720.0 792.0 large-vehicle 0
720.0 580.0 739.0 569.0 822.0 726.0 801.0 738.0 large-vehicle 0
696.0 593.0 718.0 583.0 798.0 738.0 776.0 751.0 large-vehicle 0
650.0 618.0 669.0 607.0 753.0 760.0 732.0 772.0 large-vehicle 0
626.0 630.0 647.0 619.0 727.0 770.0 706.0 783.0 large-vehicle 0
210.0 576.0 193.0 586.0 130.0 457.0 147.0 448.0 large-vehicle 0
232.0 565.0 216.0 575.0 143.0 430.0 162.0 421.0 large-vehicle 0
252.0 546.0 234.0 557.0 168.0 416.0 187.0 406.0 large-vehicle 0
377.0 499.0 357.0 510.0 278.0 351.0 300.0 342.0 large-vehicle 0
398.0 481.0 379.0 494.0 305.0 342.0 325.0 331.0 large-vehicle 0
459.0 438.0 442.0 448.0 374.0 310.0 395.0 301.0 large-vehicle 0
486.0 429.0 468.0 439.0 392.0 284.0 414.0 274.0 large-vehicle 0
511.0 418.0 491.0 430.0 420.0 273.0 439.0 265.0 large-vehicle 0
596.0 403.0 579.0 413.0 505.0 269.0 522.0 259.0 large-vehicle 0
390.0 801.0 415.0 789.0 471.0 903.0 449.0 916.0 large-vehicle 0
411.0 732.0 434.0 720.0 517.0 876.0 495.0 888.0 large-vehicle 0
434.0 714.0 452.0 705.0 538.0 866.0 520.0 876.0 large-vehicle 0
463.0 716.0 482.0 707.0 550.0 834.0 532.0 842.0 large-vehicle 0
479.0 687.0 500.0 677.0 579.0 831.0 558.0 844.0 large-vehicle 0
516.0 700.0 532.0 691.0 597.0 819.0 580.0 829.0 large-vehicle 0
537.0 687.0 554.0 676.0 617.0 805.0 599.0 816.0 large-vehicle 0
557.0 666.0 576.0 657.0 658.0 811.0 637.0 822.0 large-vehicle 0
583.0 655.0 601.0 646.0 684.0 802.0 663.0 812.0 large-vehicle 0
608.0 647.0 624.0 639.0 700.0 786.0 684.0 796.0 large-vehicle 0
776.0 938.0 761.0 959.0 635.0 851.0 650.0 832.0 large-vehicle 0
748.0 948.0 731.0 970.0 601.0 859.0 618.0 840.0 large-vehicle 0
670.0 990.0 657.0 1007.0 550.0 913.0 564.0 895.0 large-vehicle 0
584.0 1056.0 585.0 1075.0 546.0 1075.0 546.0 1054.0 small-vehicle 1
1016.0 729.0 1002.0 741.0 974.0 715.0 986.0 703.0 small-vehicle 1
981.0 700.0 970.0 715.0 939.0 690.0 951.0 675.0 small-vehicle 1
916.0 777.0 931.0 762.0 962.0 792.0 949.0 805.0 small-vehicle 0
835.0 812.0 847.0 798.0 880.0 824.0 867.0 839.0 small-vehicle 1
628.0 892.0 617.0 904.0 590.0 878.0 600.0 865.0 small-vehicle 0
719.0 857.0 705.0 871.0 666.0 840.0 679.0 824.0 small-vehicle 0
565.0 406.0 549.0 413.0 531.0 374.0 547.0 366.0 small-vehicle 0
469.0 324.0 484.0 315.0 504.0 354.0 490.0 362.0 small-vehicle 1
385.0 392.0 401.0 385.0 419.0 422.0 405.0 430.0 small-vehicle 1
333.0 483.0 316.0 491.0 296.0 449.0 312.0 441.0 small-vehicle 1
878.0 214.0 893.0 205.0 923.0 250.0 908.0 259.0 small-vehicle 1
888.0 504.0 902.0 499.0 919.0 534.0 905.0 541.0 small-vehicle 1
1084.0 565.0 1069.0 573.0 1050.0 533.0 1065.0 526.0 small-vehicle 1
437.0 707.0 427.0 690.0 467.0 668.0 479.0 684.0 small-vehicle 0
635.0 1000.0 622.0 1010.0 590.0 983.0 600.0 970.0 small-vehicle 0
1003.0 496.0 1021.0 487.0 1083.0 597.0 1062.0 608.0 large-vehicle 0
793.0 886.0 779.0 900.0 677.0 818.0 692.0 801.0 large-vehicle 0
411.0 1100.0 433.0 1090.0 486.0 1194.0 465.0 1204.0 large-vehicle 0
609.0 333.0 591.0 338.0 536.0 236.0 555.0 228.0 large-vehicle 0
1046.0 755.0 1032.0 769.0 1005.0 744.0 1019.0 730.0 small-vehicle 1
1250.0 1513.0 1255.0 1494.0 1292.0 1510.0 1285.0 1525.0 small-vehicle 1
628.0 1026.0 615.0 1045.0 488.0 931.0 504.0 912.0 large-vehicle 0
1306.0 1468.0 1316.0 1483.0 1285.0 1503.0 1276.0 1487.0 small-vehicle 1
592.0 1036.0 575.0 1054.0 461.0 941.0 475.0 926.0 large-vehicle 0
584.0 1198.0 571.0 1178.0 734.0 1095.0 745.0 1113.0 large-vehicle 0
811.0 330.0 799.0 342.0 770.0 316.0 782.0 303.0 small-vehicle 0
819.0 259.0 836.0 251.0 855.0 286.0 839.0 295.0 small-vehicle 0
883.0 329.0 877.0 313.0 915.0 298.0 921.0 314.0 small-vehicle 0
874.0 307.0 867.0 291.0 905.0 273.0 912.0 288.0 small-vehicle 0
969.0 264.0 963.0 247.0 1000.0 233.0 1007.0 251.0 small-vehicle 0
909.0 454.0 918.0 470.0 882.0 490.0 873.0 474.0 small-vehicle 0
899.0 202.0 914.0 195.0 932.0 232.0 917.0 239.0 small-vehicle 0
917.0 192.0 932.0 184.0 950.0 222.0 936.0 228.0 small-vehicle 0
938.0 185.0 952.0 179.0 971.0 217.0 957.0 225.0 small-vehicle 1
260.0 778.0 266.0 797.0 219.0 812.0 213.0 792.0 ship 0
356.0 1047.0 338.0 1038.0 357.0 995.0 375.0 1003.0 small-vehicle 0
212.0 1432.0 205.0 1414.0 245.0 1396.0 253.0 1413.0 small-vehicle 0
206.0 1385.0 239.0 1367.0 230.0 1349.0 198.0 1367.0 small-vehicle 1
907.0 1167.0 899.0 1150.0 935.0 1132.0 942.0 1148.0 small-vehicle 0
1173.0 1477.0 1159.0 1484.0 1141.0 1449.0 1155.0 1441.0 small-vehicle 0
1238.0 1485.0 1223.0 1494.0 1202.0 1456.0 1216.0 1447.0 small-vehicle 1
1322.0 1484.0 1331.0 1499.0 1301.0 1522.0 1291.0 1505.0 small-vehicle 0
188.0 588.0 169.0 600.0 90.0 445.0 113.0 432.0 large-vehicle 0
