imagesource:GoogleEarth
gsd:0.119313719892
128.0 1608.0 114.0 1626.0 10.0 1565.0 10.0 1539.0 large-vehicle 1
1346.0 1196.0 1365.0 1174.0 1472.0 1245.0 1459.0 1265.0 large-vehicle 0
1241.0 793.0 1241.0 816.0 1067.0 830.0 1065.0 805.0 large-vehicle 0
1487.0 987.0 1499.0 970.0 1605.0 1039.0 1591.0 1060.0 large-vehicle 0
1409.0 980.0 1427.0 959.0 1578.0 1059.0 1564.0 1079.0 large-vehicle 0
1396.0 1010.0 1409.0 988.0 1568.0 1086.0 1555.0 1109.0 large-vehicle 0
1381.0 1035.0 1394.0 1015.0 1540.0 1106.0 1528.0 1132.0 large-vehicle 0
1361.0 1056.0 1377.0 1036.0 1532.0 1135.0 1517.0 1160.0 large-vehicle 0
1328.0 1114.0 1345.0 1089.0 1505.0 1191.0 1488.0 1215.0 large-vehicle 0
1314.0 1137.0 1326.0 1115.0 1487.0 1219.0 1472.0 1241.0 large-vehicle 0
1281.0 1191.0 1295.0 1171.0 1448.0 1267.0 1437.0 1288.0 large-vehicle 0
92.0 946.0 115.0 959.0 41.0 1073.0 21.0 1059.0 large-vehicle 0
1270.0 1217.0 1285.0 1198.0 1436.0 1297.0 1423.0 1317.0 large-vehicle 0
1095.0 1035.0 1085.0 1052.0 1054.0 1030.0 1062.0 1018.0 small-vehicle 0
1062.0 1069.0 1051.0 1087.0 1017.0 1064.0 1028.0 1048.0 small-vehicle 0
1003.0 1167.0 994.0 1182.0 952.0 1155.0 965.0 1138.0 small-vehicle 0
991.0 1187.0 983.0 1204.0 940.0 1178.0 951.0 1162.0 small-vehicle 0
937.0 1023.0 941.0 998.0 997.0 997.0 997.0 1018.0 small-vehicle 0
954.0 983.0 950.0 961.0 1137.0 937.0 1140.0 959.0 large-vehicle 0
1169.0 900.0 1173.0 921.0 992.0 946.0 990.0 921.0 large-vehicle 0
1291.0 720.0 1296.0 739.0 1117.0 770.0 1114.0 747.0 large-vehicle 0
1320.0 688.0 1318.0 707.0 1149.0 732.0 1146.0 710.0 large-vehicle 0
1356.0 595.0 1360.0 619.0 1184.0 650.0 1175.0 626.0 large-vehicle 0
1422.0 516.0 1425.0 544.0 1304.0 561.0 1301.0 536.0 large-vehicle 0
1520.0 832.0 1530.0 813.0 1687.0 908.0 1675.0 928.0 large-vehicle 0
1532.0 807.0 1545.0 787.0 1706.0 885.0 1693.0 905.0 large-vehicle 0
1553.0 778.0 1567.0 760.0 1716.0 858.0 1704.0 878.0 large-vehicle 0
1575.0 754.0 1587.0 735.0 1735.0 831.0 1724.0 851.0 large-vehicle 0
1639.0 762.0 1652.0 745.0 1754.0 812.0 1742.0 831.0 large-vehicle 0
1643.0 727.0 1656.0 709.0 1761.0 780.0 1751.0 800.0 large-vehicle 0
1634.0 684.0 1647.0 666.0 1797.0 765.0 1782.0 790.0 large-vehicle 0
1639.0 649.0 1655.0 629.0 1804.0 729.0 1790.0 752.0 large-vehicle 0
1685.0 644.0 1698.0 625.0 1801.0 691.0 1788.0 711.0 large-vehicle 0
1726.0 635.0 1737.0 613.0 1839.0 679.0 1825.0 699.0 large-vehicle 0
1710.0 591.0 1721.0 573.0 1875.0 667.0 1864.0 688.0 large-vehicle 0
1742.0 534.0 1757.0 514.0 1915.0 618.0 1900.0 644.0 large-vehicle 0
1745.0 499.0 1758.0 482.0 1908.0 580.0 1894.0 602.0 large-vehicle 0
1772.0 481.0 1782.0 460.0 1941.0 561.0 1929.0 582.0 large-vehicle 0
1799.0 457.0 1811.0 434.0 1965.0 529.0 1951.0 551.0 large-vehicle 0
1815.0 427.0 1830.0 407.0 1980.0 492.0 1968.0 517.0 large-vehicle 0
1836.0 399.0 1850.0 377.0 2007.0 461.0 1994.0 485.0 large-vehicle 0
1182.0 863.0 1186.0 885.0 1015.0 910.0 1014.0 886.0 large-vehicle 0
1232.0 821.0 1236.0 843.0 1061.0 871.0 1057.0 847.0 large-vehicle 0
809.0 1292.0 792.0 1286.0 808.0 1240.0 826.0 1248.0 small-vehicle 0
376.0 673.0 397.0 685.0 300.0 838.0 281.0 824.0 large-vehicle 0
881.0 842.0 874.0 864.0 707.0 795.0 716.0 772.0 large-vehicle 0
914.0 782.0 907.0 802.0 741.0 746.0 752.0 720.0 large-vehicle 0
929.0 755.0 920.0 777.0 756.0 710.0 765.0 686.0 large-vehicle 0
956.0 726.0 950.0 750.0 777.0 689.0 786.0 665.0 large-vehicle 0
818.0 435.0 839.0 449.0 741.0 600.0 720.0 583.0 large-vehicle 0
865.0 454.0 850.0 442.0 874.0 412.0 885.0 420.0 small-vehicle 0
813.0 422.0 797.0 411.0 821.0 378.0 836.0 386.0 small-vehicle 0
756.0 408.0 774.0 424.0 686.0 572.0 664.0 562.0 large-vehicle 0
734.0 392.0 753.0 405.0 661.0 559.0 639.0 544.0 large-vehicle 0
706.0 384.0 726.0 396.0 629.0 551.0 608.0 537.0 large-vehicle 0
684.0 361.0 704.0 376.0 604.0 528.0 584.0 514.0 large-vehicle 0
581.0 336.0 604.0 347.0 506.0 508.0 483.0 492.0 large-vehicle 0
243.0 766.0 262.0 778.0 187.0 881.0 169.0 868.0 large-vehicle 0
187.0 733.0 207.0 744.0 140.0 849.0 122.0 837.0 large-vehicle 0
174.0 707.0 195.0 719.0 122.0 827.0 99.0 813.0 large-vehicle 0
150.0 680.0 173.0 693.0 107.0 799.0 84.0 785.0 large-vehicle 0
492.0 288.0 475.0 274.0 581.0 127.0 600.0 142.0 large-vehicle 0
862.0 868.0 854.0 888.0 692.0 822.0 702.0 801.0 large-vehicle 0
248.0 897.0 231.0 879.0 251.0 855.0 267.0 866.0 small-vehicle 0
889.0 1110.0 915.0 1115.0 886.0 1295.0 849.0 1288.0 large-vehicle 0
325.0 838.0 308.0 827.0 334.0 787.0 351.0 798.0 small-vehicle 0
825.0 1115.0 845.0 1127.0 771.0 1239.0 750.0 1225.0 large-vehicle 0
806.0 1121.0 790.0 1111.0 814.0 1071.0 828.0 1079.0 small-vehicle 0
775.0 1128.0 794.0 1140.0 761.0 1200.0 736.0 1188.0 large-vehicle 0
780.0 1057.0 799.0 1071.0 709.0 1226.0 688.0 1212.0 large-vehicle 0
752.0 1049.0 773.0 1064.0 675.0 1207.0 658.0 1197.0 large-vehicle 0
735.0 1046.0 720.0 1032.0 750.0 1004.0 760.0 1015.0 small-vehicle 0
666.0 998.0 650.0 995.0 660.0 954.0 677.0 954.0 small-vehicle 0
621.0 962.0 643.0 977.0 550.0 1127.0 527.0 1110.0 large-vehicle 0
516.0 1000.0 498.0 991.0 525.0 946.0 543.0 956.0 small-vehicle 0
521.0 892.0 540.0 904.0 447.0 1057.0 424.0 1047.0 large-vehicle 0
497.0 881.0 516.0 892.0 419.0 1041.0 400.0 1028.0 large-vehicle 0
469.0 864.0 490.0 876.0 398.0 1025.0 377.0 1011.0 large-vehicle 0
446.0 840.0 466.0 851.0 369.0 1005.0 347.0 991.0 large-vehicle 0
422.0 818.0 442.0 832.0 345.0 981.0 325.0 967.0 large-vehicle 0
347.0 881.0 369.0 894.0 327.0 952.0 307.0 939.0 small-vehicle 0
380.0 835.0 394.0 844.0 372.0 878.0 357.0 868.0 small-vehicle 0
375.0 787.0 391.0 799.0 298.0 950.0 278.0 940.0 large-vehicle 0
1548.0 885.0 1562.0 867.0 1667.0 938.0 1655.0 958.0 large-vehicle 0
1537.0 914.0 1552.0 895.0 1654.0 964.0 1640.0 986.0 large-vehicle 0
1506.0 926.0 1515.0 911.0 1545.0 931.0 1538.0 945.0 small-vehicle 0
152.0 1811.0 165.0 1791.0 290.0 1869.0 278.0 1887.0 large-vehicle 0
46.0 1125.0 60.0 1102.0 181.0 1163.0 169.0 1188.0 large-vehicle 0
1955.0 1626.0 1968.0 1606.0 2128.0 1700.0 2117.0 1722.0 large-vehicle 0
2008.0 1537.0 2024.0 1518.0 2178.0 1611.0 2168.0 1632.0 large-vehicle 0
2192.0 1265.0 2205.0 1245.0 2371.0 1330.0 2358.0 1351.0 large-vehicle 0
2225.0 1207.0 2237.0 1187.0 2392.0 1282.0 2379.0 1302.0 large-vehicle 0
2240.0 1179.0 2248.0 1155.0 2418.0 1254.0 2408.0 1278.0 large-vehicle 0
2251.0 1239.0 2241.0 1252.0 2208.0 1231.0 2219.0 1216.0 small-vehicle 0
2032.0 1630.0 2044.0 1612.0 2148.0 1677.0 2139.0 1698.0 large-vehicle 0
2090.0 1543.0 2103.0 1525.0 2212.0 1586.0 2199.0 1609.0 large-vehicle 0
2181.0 1398.0 2195.0 1379.0 2305.0 1441.0 2293.0 1462.0 large-vehicle 0
2227.0 1353.0 2237.0 1332.0 2349.0 1388.0 2340.0 1409.0 large-vehicle 0
2229.0 1316.0 2242.0 1295.0 2360.0 1358.0 2345.0 1381.0 large-vehicle 0
2262.0 1151.0 2277.0 1128.0 2440.0 1218.0 2428.0 1239.0 large-vehicle 0
2340.0 1147.0 2355.0 1125.0 2464.0 1192.0 2451.0 1217.0 large-vehicle 0
2331.0 1097.0 2340.0 1083.0 2375.0 1105.0 2364.0 1120.0 small-vehicle 0
2340.0 1077.0 2348.0 1056.0 2520.0 1156.0 2506.0 1178.0 large-vehicle 0
2359.0 1051.0 2369.0 1029.0 2538.0 1124.0 2528.0 1147.0 large-vehicle 0
137.0 1835.0 152.0 1813.0 273.0 1884.0 263.0 1905.0 large-vehicle 0
188.0 1794.0 204.0 1775.0 325.0 1854.0 313.0 1876.0 large-vehicle 0
2386.0 982.0 2400.0 960.0 2555.0 1054.0 2544.0 1076.0 large-vehicle 0
234.0 1726.0 221.0 1715.0 250.0 1680.0 265.0 1694.0 small-vehicle 0
115.0 958.0 138.0 974.0 62.0 1088.0 44.0 1076.0 large-vehicle 0
819.0 1379.0 807.0 1397.0 776.0 1374.0 786.0 1357.0 small-vehicle 0
84.0 1360.0 99.0 1338.0 192.0 1397.0 182.0 1421.0 large-vehicle 0
90.0 1365.0 186.0 1426.0 176.0 1449.0 77.0 1382.0 large-vehicle 0
2547.0 1698.0 2563.0 1691.0 2580.0 1729.0 2566.0 1734.0 small-vehicle 0
877.0 454.0 893.0 466.0 868.0 499.0 850.0 487.0 small-vehicle 0
1323.0 654.0 1326.0 670.0 1287.0 679.0 1283.0 659.0 small-vehicle 0
251.0 1382.0 228.0 1384.0 227.0 1298.0 254.0 1299.0 large-vehicle 0
164.0 1512.0 151.0 1532.0 37.0 1458.0 47.0 1438.0 large-vehicle 0
161.0 1541.0 150.0 1564.0 24.0 1480.0 35.0 1460.0 large-vehicle 0
217.0 1474.0 206.0 1498.0 59.0 1407.0 72.0 1385.0 large-vehicle 0
197.0 1414.0 220.0 1405.0 258.0 1499.0 231.0 1509.0 large-vehicle 0
433.0 1791.0 424.0 1814.0 295.0 1742.0 308.0 1720.0 large-vehicle 0
296.0 1701.0 308.0 1680.0 432.0 1755.0 421.0 1774.0 large-vehicle 0
546.0 1628.0 537.0 1644.0 497.0 1613.0 508.0 1599.0 small-vehicle 0
469.0 1520.0 456.0 1507.0 488.0 1471.0 499.0 1481.0 small-vehicle 0
449.0 1509.0 435.0 1496.0 466.0 1456.0 478.0 1467.0 small-vehicle 0
2416.0 1040.0 2426.0 1020.0 2538.0 1088.0 2526.0 1108.0 large-vehicle 0
2479.0 966.0 2490.0 948.0 2553.0 988.0 2543.0 1007.0 large-vehicle 1
1445.0 932.0 1459.0 911.0 1615.0 1006.0 1600.0 1026.0 large-vehicle 0
1920.0 978.0 1934.0 957.0 2088.0 1055.0 2075.0 1074.0 large-vehicle 0
1936.0 1058.0 1948.0 1037.0 2048.0 1103.0 2036.0 1126.0 large-vehicle 0
1925.0 1087.0 1938.0 1067.0 2052.0 1138.0 2040.0 1159.0 large-vehicle 0
1860.0 1083.0 1874.0 1061.0 2031.0 1167.0 2017.0 1185.0 large-vehicle 0
1870.0 1166.0 1882.0 1145.0 1999.0 1215.0 1988.0 1237.0 large-vehicle 0
1858.0 1193.0 1871.0 1175.0 1977.0 1242.0 1965.0 1262.0 large-vehicle 0
1832.0 1209.0 1845.0 1189.0 1944.0 1254.0 1933.0 1275.0 large-vehicle 0
1816.0 1234.0 1831.0 1217.0 1932.0 1284.0 1918.0 1304.0 large-vehicle 0
1786.0 1254.0 1799.0 1235.0 1905.0 1300.0 1895.0 1322.0 large-vehicle 0
1787.0 1291.0 1801.0 1269.0 1904.0 1337.0 1890.0 1357.0 large-vehicle 1
1776.0 1316.0 1789.0 1298.0 1904.0 1368.0 1892.0 1389.0 large-vehicle 0
1768.0 1348.0 1782.0 1330.0 1884.0 1395.0 1871.0 1416.0 large-vehicle 0
1724.0 1361.0 1738.0 1341.0 1845.0 1409.0 1834.0 1430.0 large-vehicle 0
1717.0 1390.0 1729.0 1372.0 1836.0 1439.0 1825.0 1459.0 large-vehicle 0
1682.0 1444.0 1697.0 1424.0 1811.0 1496.0 1799.0 1516.0 large-vehicle 0
1666.0 1467.0 1681.0 1446.0 1796.0 1521.0 1782.0 1542.0 large-vehicle 0
1724.0 1542.0 1738.0 1522.0 1798.0 1560.0 1784.0 1581.0 large-vehicle 0
1654.0 1498.0 1668.0 1478.0 1730.0 1517.0 1716.0 1540.0 large-vehicle 0
1961.0 1039.0 1974.0 1020.0 2082.0 1087.0 2068.0 1110.0 large-vehicle 0
2017.0 962.0 2030.0 942.0 2139.0 1013.0 2127.0 1032.0 large-vehicle 0
2494.0 918.0 2509.0 898.0 2609.0 967.0 2596.0 988.0 large-vehicle 0
2066.0 921.0 2080.0 900.0 2186.0 973.0 2173.0 992.0 large-vehicle 0
2497.0 865.0 2507.0 852.0 2542.0 877.0 2534.0 890.0 small-vehicle 0
2529.0 850.0 2541.0 830.0 2646.0 896.0 2634.0 918.0 large-vehicle 0
2565.0 799.0 2580.0 777.0 2697.0 851.0 2684.0 872.0 large-vehicle 0
2554.0 721.0 2568.0 695.0 2726.0 806.0 2708.0 826.0 large-vehicle 0
2225.0 516.0 2240.0 493.0 2407.0 599.0 2393.0 623.0 large-vehicle 0
2250.0 599.0 2263.0 581.0 2370.0 650.0 2358.0 670.0 large-vehicle 0
2232.0 627.0 2247.0 607.0 2360.0 678.0 2347.0 701.0 large-vehicle 0
2207.0 649.0 2219.0 629.0 2322.0 697.0 2310.0 716.0 large-vehicle 0
2195.0 679.0 2209.0 660.0 2316.0 727.0 2304.0 750.0 large-vehicle 0
2176.0 701.0 2191.0 684.0 2294.0 754.0 2282.0 773.0 large-vehicle 0
2115.0 699.0 2128.0 680.0 2280.0 777.0 2267.0 798.0 large-vehicle 0
2150.0 760.0 2165.0 738.0 2267.0 805.0 2255.0 827.0 large-vehicle 0
2128.0 781.0 2144.0 763.0 2253.0 831.0 2236.0 855.0 large-vehicle 0
2119.0 788.0 2107.0 800.0 2065.0 774.0 2076.0 755.0 small-vehicle 0
2058.0 812.0 2071.0 791.0 2233.0 891.0 2219.0 915.0 large-vehicle 0
2012.0 821.0 2027.0 796.0 2197.0 907.0 2185.0 926.0 large-vehicle 0
2070.0 889.0 2082.0 868.0 2190.0 937.0 2178.0 957.0 large-vehicle 0
285.0 312.0 308.0 325.0 258.0 407.0 235.0 391.0 large-vehicle 0
