imagesource:GoogleEarth
gsd:0.131242471822
951.0 1674.0 937.0 1665.0 958.0 1633.0 971.0 1645.0 small-vehicle 0
887.0 1184.0 876.0 1163.0 974.0 1118.0 982.0 1136.0 large-vehicle 0
646.0 1201.0 664.0 1210.0 613.0 1314.0 592.0 1304.0 large-vehicle 0
676.0 1203.0 695.0 1212.0 641.0 1318.0 621.0 1307.0 large-vehicle 0
699.0 1219.0 715.0 1230.0 669.0 1323.0 649.0 1314.0 large-vehicle 0
732.0 1196.0 751.0 1208.0 687.0 1354.0 664.0 1344.0 large-vehicle 0
447.0 1240.0 437.0 1259.0 295.0 1186.0 306.0 1165.0 large-vehicle 0
297.0 1160.0 280.0 1181.0 155.0 1090.0 169.0 1071.0 large-vehicle 0
240.0 1195.0 227.0 1214.0 114.0 1130.0 128.0 1113.0 large-vehicle 0
398.0 1285.0 388.0 1306.0 255.0 1232.0 269.0 1211.0 large-vehicle 0
628.0 1397.0 619.0 1417.0 480.0 1349.0 491.0 1331.0 large-vehicle 0
716.0 1458.0 728.0 1436.0 877.0 1510.0 867.0 1530.0 large-vehicle 0
828.0 1445.0 840.0 1424.0 988.0 1497.0 978.0 1517.0 large-vehicle 0
940.0 1372.0 947.0 1354.0 1088.0 1404.0 1081.0 1423.0 large-vehicle 0
931.0 1401.0 939.0 1381.0 1082.0 1432.0 1075.0 1450.0 large-vehicle 0
959.0 1441.0 967.0 1423.0 1114.0 1478.0 1107.0 1497.0 large-vehicle 0
947.0 1461.0 958.0 1445.0 1094.0 1504.0 1085.0 1521.0 large-vehicle 0
1001.0 1202.0 1011.0 1219.0 870.0 1297.0 860.0 1278.0 large-vehicle 0
868.0 1260.0 859.0 1242.0 1000.0 1168.0 1010.0 1186.0 large-vehicle 0
618.0 1189.0 636.0 1196.0 588.0 1301.0 569.0 1293.0 large-vehicle 0
602.0 1151.0 620.0 1160.0 560.0 1285.0 540.0 1276.0 large-vehicle 0
576.0 1135.0 596.0 1143.0 567.0 1201.0 545.0 1195.0 small-vehicle 0
270.0 904.0 280.0 918.0 161.0 1016.0 151.0 999.0 large-vehicle 0
226.0 465.0 211.0 457.0 227.0 426.0 241.0 432.0 small-vehicle 0
380.0 704.0 365.0 721.0 253.0 630.0 268.0 611.0 large-vehicle 0
367.0 736.0 355.0 758.0 220.0 660.0 229.0 641.0 large-vehicle 0
215.0 685.0 230.0 669.0 305.0 727.0 293.0 744.0 large-vehicle 0
324.0 814.0 308.0 836.0 188.0 736.0 200.0 720.0 large-vehicle 0
304.0 839.0 290.0 858.0 172.0 763.0 186.0 746.0 large-vehicle 0
287.0 862.0 274.0 883.0 148.0 784.0 162.0 766.0 large-vehicle 0
270.0 954.0 284.0 969.0 199.0 1050.0 185.0 1035.0 large-vehicle 0
558.0 1111.0 577.0 1120.0 509.0 1257.0 490.0 1246.0 large-vehicle 0
326.0 918.0 346.0 935.0 249.0 1051.0 234.0 1037.0 large-vehicle 0
354.0 944.0 367.0 962.0 275.0 1066.0 261.0 1054.0 large-vehicle 1
404.0 1031.0 417.0 1045.0 346.0 1132.0 328.0 1120.0 large-vehicle 0
419.0 1055.0 434.0 1067.0 365.0 1160.0 348.0 1148.0 large-vehicle 0
441.0 1075.0 457.0 1085.0 406.0 1175.0 385.0 1162.0 large-vehicle 0
482.0 1058.0 505.0 1069.0 436.0 1197.0 412.0 1188.0 large-vehicle 0
537.0 1094.0 554.0 1106.0 482.0 1230.0 462.0 1218.0 large-vehicle 0
850.0 1234.0 844.0 1215.0 980.0 1146.0 988.0 1166.0 large-vehicle 0
800.0 984.0 808.0 999.0 779.0 1015.0 772.0 999.0 small-vehicle 0
1097.0 1620.0 1085.0 1644.0 982.0 1594.0 995.0 1568.0 large-vehicle 0
822.0 1014.0 830.0 1026.0 799.0 1044.0 794.0 1029.0 small-vehicle 0
1154.0 53.0 1171.0 37.0 1251.0 127.0 1232.0 145.0 large-vehicle 0
1237.0 55.0 1256.0 40.0 1335.0 135.0 1318.0 154.0 large-vehicle 0
1169.0 29.0 1205.0 30.0 1261.0 94.0 1239.0 113.0 large-vehicle 1
1292.0 178.0 1310.0 165.0 1336.0 191.0 1335.0 231.0 large-vehicle 1
1271.0 31.0 1303.0 32.0 1308.0 40.0 1284.0 56.0 large-vehicle 1
1321.0 44.0 1338.0 37.0 1339.0 70.0 1329.0 58.0 large-vehicle 1
1313.0 94.0 1333.0 79.0 1338.0 89.0 1336.0 129.0 large-vehicle 1
872.0 209.0 887.0 203.0 900.0 237.0 885.0 243.0 small-vehicle 0
673.0 611.0 690.0 603.0 700.0 636.0 683.0 643.0 small-vehicle 0
1168.0 120.0 1178.0 136.0 1148.0 153.0 1138.0 138.0 small-vehicle 1
1205.0 192.0 1213.0 210.0 1181.0 225.0 1174.0 208.0 small-vehicle 1
1248.0 278.0 1256.0 293.0 1226.0 310.0 1218.0 295.0 small-vehicle 1
1181.0 137.0 1188.0 155.0 1151.0 173.0 1143.0 157.0 small-vehicle 0
1171.0 207.0 1165.0 192.0 1198.0 174.0 1205.0 190.0 small-vehicle 0
1234.0 241.0 1239.0 256.0 1207.0 270.0 1200.0 255.0 small-vehicle 0
1257.0 296.0 1266.0 312.0 1236.0 329.0 1226.0 312.0 small-vehicle 0
1245.0 351.0 1236.0 334.0 1271.0 314.0 1279.0 330.0 small-vehicle 0
685.0 382.0 697.0 374.0 714.0 411.0 701.0 419.0 small-vehicle 1
620.0 469.0 634.0 478.0 616.0 510.0 601.0 501.0 small-vehicle 0
594.0 489.0 575.0 474.0 669.0 347.0 687.0 362.0 large-vehicle 0
547.0 728.0 565.0 713.0 607.0 758.0 593.0 775.0 large-vehicle 0
837.0 1030.0 844.0 1045.0 814.0 1059.0 807.0 1044.0 small-vehicle 0
448.0 858.0 464.0 845.0 544.0 927.0 530.0 943.0 large-vehicle 0
478.0 856.0 494.0 843.0 566.0 916.0 554.0 930.0 large-vehicle 0
530.0 852.0 518.0 862.0 493.0 835.0 506.0 824.0 small-vehicle 0
491.0 800.0 506.0 783.0 638.0 911.0 623.0 929.0 large-vehicle 0
509.0 783.0 524.0 765.0 636.0 872.0 620.0 891.0 large-vehicle 0
538.0 770.0 554.0 752.0 661.0 859.0 644.0 876.0 large-vehicle 0
603.0 786.0 621.0 774.0 661.0 820.0 645.0 834.0 large-vehicle 0
578.0 460.0 557.0 451.0 638.0 313.0 656.0 324.0 large-vehicle 0
736.0 665.0 746.0 680.0 702.0 702.0 693.0 688.0 small-vehicle 0
754.0 687.0 762.0 698.0 735.0 715.0 728.0 702.0 small-vehicle 0
763.0 706.0 772.0 719.0 741.0 737.0 734.0 720.0 small-vehicle 0
757.0 810.0 749.0 792.0 798.0 766.0 808.0 783.0 large-vehicle 0
798.0 796.0 808.0 811.0 764.0 835.0 757.0 819.0 small-vehicle 0
495.0 422.0 478.0 409.0 570.0 281.0 586.0 291.0 large-vehicle 0
524.0 438.0 506.0 425.0 594.0 292.0 613.0 306.0 large-vehicle 0
287.0 315.0 304.0 325.0 287.0 355.0 271.0 347.0 small-vehicle 0
