imagesource:GoogleEarth
gsd:0.125792256955
1394.0 77.0 1411.0 82.0 1398.0 129.0 1380.0 125.0 large-vehicle 0
366.0 1225.0 362.0 1209.0 398.0 1200.0 403.0 1217.0 small-vehicle 0
384.0 770.0 369.0 767.0 380.0 725.0 397.0 728.0 small-vehicle 0
304.0 706.0 317.0 705.0 314.0 740.0 301.0 739.0 small-vehicle 0
256.0 250.0 275.0 254.0 263.0 297.0 245.0 294.0 small-vehicle 0
103.0 307.0 83.0 300.0 98.0 257.0 112.0 263.0 small-vehicle 0
664.0 562.0 656.0 585.0 578.0 560.0 587.0 538.0 large-vehicle 0
309.0 1145.0 308.0 1129.0 350.0 1127.0 351.0 1147.0 small-vehicle 1
354.0 1100.0 355.0 1115.0 311.0 1116.0 311.0 1101.0 small-vehicle 0
507.0 1477.0 634.0 1440.0 638.0 1463.0 512.0 1500.0 large-vehicle 0
1608.0 908.0 1637.0 896.0 1704.0 1063.0 1676.0 1075.0 large-vehicle 0
434.0 1483.0 505.0 1479.0 507.0 1502.0 436.0 1504.0 large-vehicle 0
697.0 1281.0 718.0 1278.0 743.0 1405.0 721.0 1410.0 large-vehicle 0
556.0 1314.0 580.0 1310.0 603.0 1437.0 578.0 1442.0 large-vehicle 0
456.0 1314.0 479.0 1313.0 505.0 1463.0 483.0 1464.0 large-vehicle 0
480.0 1305.0 503.0 1297.0 539.0 1453.0 509.0 1465.0 large-vehicle 0
607.0 1253.0 633.0 1247.0 680.0 1422.0 647.0 1433.0 large-vehicle 0
390.0 884.0 412.0 888.0 409.0 973.0 382.0 970.0 large-vehicle 0
410.0 779.0 425.0 783.0 416.0 816.0 401.0 812.0 small-vehicle 0
429.0 782.0 410.0 775.0 427.0 726.0 447.0 731.0 small-vehicle 0
491.0 780.0 497.0 763.0 533.0 773.0 526.0 791.0 small-vehicle 0
375.0 487.0 369.0 506.0 324.0 496.0 330.0 477.0 small-vehicle 0
1283.0 211.0 1284.0 191.0 1420.0 196.0 1418.0 221.0 large-vehicle 0
1376.0 35.0 1394.0 41.0 1368.0 132.0 1347.0 129.0 large-vehicle 0
1409.0 690.0 1436.0 681.0 1476.0 803.0 1453.0 812.0 large-vehicle 0
1312.0 159.0 1310.0 171.0 1278.0 163.0 1281.0 152.0 small-vehicle 0
1248.0 357.0 1253.0 334.0 1381.0 350.0 1377.0 375.0 large-vehicle 0
1286.0 510.0 1413.0 491.0 1416.0 512.0 1289.0 532.0 large-vehicle 0
1364.0 524.0 1368.0 543.0 1279.0 562.0 1277.0 539.0 large-vehicle 0
1242.0 485.0 1245.0 460.0 1366.0 468.0 1364.0 491.0 large-vehicle 0
1134.0 485.0 1140.0 464.0 1247.0 489.0 1241.0 512.0 large-vehicle 0
1225.0 244.0 1228.0 220.0 1408.0 232.0 1407.0 257.0 large-vehicle 0
1230.0 294.0 1234.0 269.0 1413.0 291.0 1411.0 315.0 large-vehicle 0
1176.0 385.0 1181.0 362.0 1350.0 380.0 1347.0 404.0 large-vehicle 0
1131.0 427.0 1138.0 404.0 1316.0 439.0 1311.0 461.0 large-vehicle 0
388.0 420.0 383.0 439.0 353.0 430.0 354.0 411.0 small-vehicle 0
398.0 403.0 395.0 421.0 357.0 411.0 361.0 393.0 small-vehicle 0
751.0 545.0 747.0 567.0 581.0 523.0 587.0 503.0 large-vehicle 0
287.0 824.0 281.0 847.0 117.0 803.0 124.0 781.0 large-vehicle 0
287.0 849.0 284.0 870.0 188.0 851.0 195.0 829.0 large-vehicle 0
1336.0 1215.0 1335.0 1235.0 1170.0 1244.0 1172.0 1221.0 large-vehicle 0
1208.0 724.0 1229.0 724.0 1239.0 851.0 1214.0 854.0 large-vehicle 0
1174.0 716.0 1200.0 714.0 1208.0 845.0 1182.0 848.0 large-vehicle 0
1077.0 683.0 1058.0 687.0 1051.0 642.0 1068.0 636.0 small-vehicle 0
836.0 635.0 851.0 639.0 843.0 674.0 829.0 670.0 small-vehicle 0
928.0 878.0 951.0 877.0 961.0 1005.0 938.0 1008.0 large-vehicle 0
856.0 883.0 881.0 880.0 893.0 1009.0 867.0 1016.0 large-vehicle 0
993.0 1050.0 969.0 1051.0 957.0 875.0 981.0 872.0 large-vehicle 0
1021.0 1044.0 999.0 1048.0 985.0 870.0 1009.0 868.0 large-vehicle 0
1046.0 1037.0 1024.0 1040.0 1014.0 867.0 1036.0 865.0 large-vehicle 0
1025.0 670.0 1047.0 668.0 1065.0 843.0 1043.0 847.0 large-vehicle 0
1001.0 672.0 1020.0 671.0 1038.0 845.0 1017.0 849.0 large-vehicle 0
975.0 674.0 994.0 672.0 1011.0 844.0 993.0 845.0 large-vehicle 0
948.0 679.0 968.0 676.0 987.0 850.0 964.0 856.0 large-vehicle 0
894.0 665.0 914.0 662.0 925.0 840.0 902.0 842.0 large-vehicle 0
822.0 685.0 846.0 685.0 842.0 865.0 819.0 865.0 large-vehicle 0
1311.0 1137.0 1267.0 1140.0 1260.0 975.0 1307.0 976.0 large-vehicle 0
914.0 1214.0 938.0 1210.0 980.0 1380.0 955.0 1388.0 large-vehicle 0
306.0 900.0 302.0 923.0 132.0 886.0 137.0 864.0 large-vehicle 0
941.0 1198.0 962.0 1194.0 1008.0 1366.0 983.0 1371.0 large-vehicle 0
269.0 950.0 265.0 973.0 145.0 947.0 151.0 922.0 large-vehicle 0
289.0 929.0 284.0 951.0 122.0 917.0 125.0 893.0 large-vehicle 0
303.0 984.0 298.0 1007.0 126.0 969.0 134.0 946.0 large-vehicle 0
342.0 1038.0 341.0 1061.0 168.0 1056.0 168.0 1032.0 large-vehicle 0
364.0 1069.0 363.0 1091.0 192.0 1088.0 196.0 1064.0 large-vehicle 0
577.0 1260.0 602.0 1256.0 630.0 1431.0 606.0 1436.0 large-vehicle 0
667.0 1249.0 688.0 1244.0 716.0 1411.0 692.0 1414.0 large-vehicle 0
401.0 1309.0 407.0 1329.0 329.0 1356.0 320.0 1334.0 large-vehicle 0
451.0 1247.0 456.0 1265.0 288.0 1306.0 285.0 1283.0 large-vehicle 0
408.0 1146.0 411.0 1166.0 238.0 1189.0 236.0 1167.0 large-vehicle 0
58.0 1049.0 71.0 1042.0 87.0 1078.0 73.0 1084.0 small-vehicle 0
176.0 1301.0 188.0 1294.0 205.0 1329.0 192.0 1336.0 small-vehicle 0
1165.0 1155.0 1166.0 1169.0 1131.0 1174.0 1130.0 1161.0 small-vehicle 0
980.0 1186.0 965.0 1194.0 956.0 1157.0 971.0 1151.0 small-vehicle 0
989.0 1215.0 1007.0 1211.0 1042.0 1377.0 1021.0 1381.0 large-vehicle 0
1549.0 258.0 1552.0 234.0 1636.0 234.0 1635.0 259.0 large-vehicle 0
1527.0 424.0 1624.0 402.0 1628.0 423.0 1530.0 443.0 large-vehicle 0
1073.0 1229.0 1095.0 1222.0 1118.0 1314.0 1100.0 1318.0 large-vehicle 0
691.0 684.0 686.0 699.0 651.0 688.0 656.0 674.0 small-vehicle 0
646.0 714.0 649.0 697.0 687.0 705.0 684.0 721.0 small-vehicle 1
601.0 743.0 606.0 726.0 647.0 739.0 640.0 756.0 small-vehicle 1
590.0 762.0 595.0 746.0 634.0 757.0 628.0 775.0 small-vehicle 1
625.0 656.0 626.0 638.0 666.0 641.0 665.0 659.0 small-vehicle 1
500.0 750.0 508.0 734.0 544.0 750.0 537.0 765.0 small-vehicle 1
550.0 582.0 560.0 571.0 588.0 595.0 578.0 606.0 small-vehicle 1
555.0 719.0 542.0 732.0 512.0 704.0 524.0 691.0 small-vehicle 1
659.0 672.0 663.0 658.0 697.0 665.0 694.0 680.0 small-vehicle 0
1472.0 438.0 1491.0 426.0 1529.0 515.0 1508.0 525.0 large-vehicle 0
644.0 733.0 648.0 718.0 684.0 728.0 679.0 742.0 small-vehicle 0
636.0 778.0 641.0 761.0 680.0 773.0 675.0 789.0 small-vehicle 0
627.0 796.0 632.0 780.0 669.0 791.0 663.0 807.0 small-vehicle 0
604.0 724.0 609.0 709.0 650.0 723.0 645.0 739.0 small-vehicle 0
611.0 690.0 616.0 676.0 653.0 684.0 649.0 699.0 small-vehicle 0
532.0 655.0 541.0 641.0 576.0 661.0 569.0 674.0 small-vehicle 0
536.0 632.0 546.0 618.0 578.0 643.0 567.0 656.0 small-vehicle 0
597.0 953.0 614.0 956.0 608.0 997.0 591.0 994.0 small-vehicle 1
156.0 704.0 161.0 685.0 218.0 698.0 216.0 720.0 large-vehicle 0
1095.0 1193.0 1101.0 1211.0 1066.0 1219.0 1063.0 1199.0 small-vehicle 1
894.0 1229.0 909.0 1227.0 915.0 1261.0 901.0 1264.0 small-vehicle 1
1054.0 1243.0 1076.0 1240.0 1098.0 1330.0 1080.0 1335.0 large-vehicle 0
1028.0 1236.0 1051.0 1234.0 1082.0 1355.0 1060.0 1362.0 large-vehicle 0
506.0 924.0 486.0 919.0 493.0 870.0 515.0 872.0 large-vehicle 0
783.0 1180.0 804.0 1179.0 817.0 1306.0 793.0 1306.0 large-vehicle 0
792.0 1309.0 814.0 1309.0 823.0 1435.0 800.0 1435.0 large-vehicle 0
765.0 1311.0 787.0 1309.0 798.0 1434.0 776.0 1436.0 large-vehicle 0
755.0 1178.0 779.0 1178.0 790.0 1307.0 765.0 1308.0 large-vehicle 0
767.0 1062.0 789.0 1060.0 805.0 1176.0 782.0 1179.0 large-vehicle 0
740.0 1049.0 765.0 1048.0 779.0 1174.0 755.0 1177.0 large-vehicle 0
1638.0 186.0 1620.0 181.0 1639.0 85.0 1658.0 89.0 large-vehicle 0
1553.0 171.0 1534.0 166.0 1553.0 71.0 1571.0 75.0 large-vehicle 0
1251.0 325.0 1252.0 311.0 1291.0 316.0 1289.0 330.0 small-vehicle 1
1342.0 662.0 1364.0 656.0 1415.0 818.0 1393.0 826.0 large-vehicle 0
872.0 728.0 898.0 729.0 900.0 857.0 874.0 858.0 large-vehicle 0
227.0 1018.0 229.0 1006.0 264.0 1012.0 263.0 1025.0 small-vehicle 0
542.0 613.0 553.0 597.0 592.0 624.0 581.0 639.0 small-vehicle 0
626.0 609.0 629.0 591.0 670.0 599.0 667.0 617.0 small-vehicle 0
523.0 687.0 535.0 675.0 566.0 705.0 555.0 716.0 small-vehicle 0
576.0 280.0 557.0 272.0 574.0 225.0 593.0 232.0 small-vehicle 0
685.0 54.0 663.0 47.0 672.0 18.0 696.0 18.0 small-vehicle 1
649.0 51.0 629.0 45.0 637.0 16.0 660.0 16.0 small-vehicle 1
626.0 45.0 604.0 38.0 611.0 15.0 633.0 15.0 small-vehicle 1
569.0 54.0 549.0 48.0 559.0 14.0 581.0 15.0 small-vehicle 1
529.0 12.0 547.0 13.0 539.0 44.0 522.0 40.0 small-vehicle 1
514.0 41.0 494.0 32.0 503.0 11.0 527.0 11.0 small-vehicle 1
486.0 29.0 466.0 22.0 471.0 11.0 494.0 11.0 small-vehicle 1
29.0 735.0 47.0 739.0 43.0 769.0 28.0 768.0 small-vehicle 0
1600.0 676.0 1598.0 655.0 1698.0 645.0 1701.0 666.0 large-vehicle 0
1591.0 651.0 1588.0 629.0 1688.0 620.0 1689.0 641.0 large-vehicle 0
1576.0 601.0 1570.0 582.0 1661.0 550.0 1669.0 569.0 large-vehicle 0
1565.0 578.0 1559.0 559.0 1651.0 530.0 1658.0 549.0 large-vehicle 0
1556.0 545.0 1551.0 522.0 1647.0 495.0 1652.0 517.0 large-vehicle 0
1531.0 512.0 1526.0 493.0 1620.0 468.0 1625.0 486.0 large-vehicle 0
1513.0 527.0 1535.0 516.0 1573.0 599.0 1552.0 614.0 large-vehicle 0
599.0 199.0 592.0 214.0 554.0 200.0 559.0 183.0 small-vehicle 0
545.0 282.0 525.0 276.0 537.0 226.0 557.0 231.0 small-vehicle 0
268.0 690.0 251.0 686.0 261.0 651.0 277.0 654.0 small-vehicle 0
490.0 225.0 509.0 230.0 497.0 273.0 480.0 268.0 small-vehicle 0
231.0 637.0 211.0 627.0 234.0 575.0 255.0 584.0 small-vehicle 1
262.0 631.0 247.0 625.0 259.0 588.0 277.0 594.0 small-vehicle 0
175.0 603.0 180.0 587.0 214.0 595.0 209.0 612.0 small-vehicle 1
227.0 573.0 221.0 594.0 174.0 582.0 180.0 560.0 small-vehicle 0
178.0 556.0 183.0 538.0 221.0 549.0 216.0 567.0 small-vehicle 0
245.0 525.0 239.0 550.0 188.0 535.0 194.0 511.0 small-vehicle 0
338.0 664.0 333.0 680.0 297.0 668.0 302.0 653.0 small-vehicle 0
343.0 638.0 338.0 655.0 307.0 645.0 312.0 628.0 small-vehicle 0
352.0 606.0 347.0 623.0 311.0 613.0 316.0 597.0 small-vehicle 0
359.0 587.0 353.0 603.0 318.0 592.0 322.0 577.0 small-vehicle 0
363.0 566.0 358.0 583.0 325.0 574.0 329.0 557.0 small-vehicle 0
375.0 510.0 370.0 524.0 339.0 517.0 342.0 503.0 small-vehicle 1
371.0 530.0 365.0 551.0 329.0 540.0 334.0 520.0 small-vehicle 1
457.0 223.0 449.0 241.0 395.0 219.0 402.0 200.0 small-vehicle 0
512.0 230.0 531.0 234.0 520.0 274.0 503.0 271.0 small-vehicle 0
793.0 684.0 817.0 685.0 813.0 867.0 786.0 868.0 large-vehicle 0
