imagesource:GoogleEarth
gsd:0.130778362028
755.0 2977.0 740.0 2982.0 728.0 2952.0 741.0 2947.0 small-vehicle 0
491.0 4331.0 506.0 4345.0 480.0 4373.0 465.0 4360.0 small-vehicle 0
426.0 4269.0 407.0 4252.0 449.0 4201.0 469.0 4218.0 small-vehicle 0
449.0 4277.0 435.0 4264.0 460.0 4236.0 473.0 4249.0 small-vehicle 0
359.0 4571.0 346.0 4559.0 369.0 4531.0 382.0 4543.0 small-vehicle 0
162.0 4577.0 172.0 4565.0 203.0 4591.0 193.0 4604.0 small-vehicle 0
110.0 4348.0 98.0 4337.0 127.0 4303.0 138.0 4313.0 small-vehicle 0
154.0 4388.0 141.0 4375.0 167.0 4349.0 180.0 4361.0 small-vehicle 0
374.0 4401.0 387.0 4411.0 361.0 4444.0 348.0 4434.0 small-vehicle 0
265.0 4486.0 251.0 4475.0 277.0 4445.0 290.0 4456.0 small-vehicle 0
227.0 4408.0 237.0 4416.0 215.0 4441.0 206.0 4432.0 small-vehicle 0
342.0 4373.0 355.0 4383.0 329.0 4412.0 317.0 4402.0 small-vehicle 0
396.0 4408.0 382.0 4393.0 411.0 4363.0 426.0 4376.0 small-vehicle 0
184.0 4416.0 170.0 4404.0 198.0 4372.0 214.0 4385.0 small-vehicle 0
733.0 4375.0 716.0 4361.0 739.0 4333.0 755.0 4346.0 small-vehicle 1
231.0 4458.0 214.0 4444.0 237.0 4414.0 256.0 4428.0 small-vehicle 1
315.0 4489.0 332.0 4500.0 310.0 4531.0 293.0 4519.0 small-vehicle 1
353.0 4387.0 369.0 4401.0 345.0 4429.0 329.0 4415.0 small-vehicle 1
386.0 4474.0 371.0 4461.0 401.0 4429.0 415.0 4442.0 small-vehicle 1
328.0 4357.0 342.0 4371.0 319.0 4395.0 304.0 4384.0 small-vehicle 1
445.0 4278.0 462.0 4292.0 438.0 4319.0 421.0 4306.0 small-vehicle 1
532.0 4292.0 545.0 4305.0 526.0 4328.0 511.0 4316.0 small-vehicle 1
491.0 4261.0 507.0 4274.0 480.0 4306.0 464.0 4293.0 small-vehicle 1
687.0 4419.0 700.0 4430.0 680.0 4455.0 666.0 4443.0 small-vehicle 1
693.0 4475.0 678.0 4461.0 701.0 4435.0 715.0 4449.0 small-vehicle 1
882.0 4464.0 899.0 4476.0 875.0 4509.0 858.0 4497.0 small-vehicle 1
234.0 4210.0 249.0 4223.0 224.0 4255.0 209.0 4244.0 small-vehicle 0
174.0 4214.0 188.0 4224.0 166.0 4255.0 152.0 4245.0 small-vehicle 0
602.0 4019.0 594.0 4002.0 630.0 3984.0 638.0 4001.0 small-vehicle 0
622.0 4036.0 613.0 4020.0 642.0 4002.0 652.0 4016.0 small-vehicle 0
107.0 6285.0 106.0 6301.0 68.0 6299.0 68.0 6281.0 small-vehicle 1
52.0 6418.0 54.0 6403.0 92.0 6407.0 90.0 6422.0 small-vehicle 1
222.0 6396.0 235.0 6410.0 218.0 6428.0 193.0 6427.0 small-vehicle 1
170.0 5368.0 171.0 5345.0 210.0 5346.0 209.0 5367.0 small-vehicle 1
169.0 5277.0 182.0 5291.0 154.0 5318.0 141.0 5305.0 small-vehicle 0
140.0 5290.0 124.0 5290.0 126.0 5252.0 142.0 5252.0 small-vehicle 0
53.0 4879.0 73.0 4880.0 69.0 4922.0 51.0 4921.0 small-vehicle 0
55.0 4807.0 74.0 4807.0 74.0 4846.0 56.0 4846.0 small-vehicle 0
57.0 4742.0 78.0 4744.0 75.0 4788.0 56.0 4787.0 small-vehicle 0
965.0 4574.0 954.0 4560.0 986.0 4530.0 998.0 4543.0 small-vehicle 0
768.0 4495.0 783.0 4508.0 759.0 4534.0 744.0 4521.0 small-vehicle 1
799.0 4526.0 812.0 4536.0 790.0 4566.0 776.0 4555.0 small-vehicle 0
660.0 4448.0 646.0 4436.0 672.0 4408.0 685.0 4420.0 small-vehicle 0
641.0 4435.0 624.0 4423.0 656.0 4385.0 672.0 4399.0 small-vehicle 0
706.0 4495.0 692.0 4481.0 722.0 4448.0 736.0 4461.0 small-vehicle 0
737.0 4466.0 752.0 4476.0 729.0 4507.0 715.0 4497.0 small-vehicle 0
890.0 4527.0 873.0 4515.0 900.0 4481.0 916.0 4494.0 small-vehicle 0
759.0 4406.0 744.0 4394.0 775.0 4358.0 789.0 4369.0 small-vehicle 0
712.0 4359.0 699.0 4346.0 726.0 4317.0 740.0 4329.0 small-vehicle 0
696.0 4346.0 681.0 4334.0 707.0 4304.0 722.0 4317.0 small-vehicle 0
688.0 4292.0 703.0 4303.0 681.0 4329.0 667.0 4318.0 small-vehicle 0
652.0 4069.0 645.0 4051.0 677.0 4037.0 685.0 4053.0 small-vehicle 0
638.0 4056.0 629.0 4036.0 668.0 4014.0 679.0 4035.0 small-vehicle 0
784.0 4509.0 798.0 4521.0 773.0 4549.0 758.0 4537.0 small-vehicle 1
788.0 4439.0 772.0 4423.0 806.0 4386.0 824.0 4400.0 small-vehicle 1
2864.0 6358.0 2872.0 6344.0 2914.0 6381.0 2904.0 6393.0 small-vehicle 1
754.0 3893.0 743.0 3874.0 851.0 3815.0 864.0 3835.0 large-vehicle 0
227.0 3428.0 214.0 3441.0 187.0 3415.0 198.0 3403.0 small-vehicle 0
367.0 3278.0 356.0 3290.0 325.0 3266.0 335.0 3253.0 small-vehicle 0
381.0 3263.0 371.0 3275.0 339.0 3247.0 350.0 3235.0 small-vehicle 0
408.0 3230.0 398.0 3242.0 369.0 3219.0 379.0 3206.0 small-vehicle 0
424.0 3214.0 414.0 3225.0 385.0 3201.0 396.0 3187.0 small-vehicle 0
452.0 3187.0 443.0 3198.0 414.0 3174.0 423.0 3161.0 small-vehicle 0
466.0 3172.0 456.0 3183.0 431.0 3161.0 439.0 3149.0 small-vehicle 0
482.0 3157.0 472.0 3169.0 443.0 3145.0 453.0 3132.0 small-vehicle 0
495.0 3138.0 487.0 3151.0 457.0 3128.0 465.0 3115.0 small-vehicle 0
923.0 3009.0 906.0 3015.0 890.0 2981.0 905.0 2974.0 small-vehicle 0
2034.0 6242.0 2049.0 6226.0 2101.0 6272.0 2084.0 6291.0 large-vehicle 0
696.0 3601.0 714.0 3616.0 672.0 3669.0 653.0 3654.0 large-vehicle 0
900.0 4416.0 915.0 4427.0 893.0 4454.0 879.0 4443.0 small-vehicle 1
684.0 3530.0 705.0 3544.0 639.0 3632.0 621.0 3615.0 large-vehicle 0
574.0 3323.0 594.0 3337.0 531.0 3435.0 509.0 3421.0 large-vehicle 0
2082.0 4020.0 1951.0 3774.0 2232.0 3634.0 2363.0 3877.0 plane 0
2584.0 4979.0 2460.0 4716.0 2740.0 4592.0 2859.0 4837.0 plane 0
2956.0 5586.0 2830.0 5337.0 3118.0 5199.0 3249.0 5432.0 plane 0
3327.0 6263.0 3198.0 6012.0 3501.0 5875.0 3616.0 6107.0 plane 0
1736.0 4562.0 1864.0 4806.0 1603.0 4942.0 1475.0 4692.0 plane 0
1064.0 3312.0 1198.0 3551.0 927.0 3698.0 805.0 3452.0 plane 0
918.0 3023.0 1045.0 3268.0 777.0 3406.0 649.0 3155.0 plane 0
400.0 2910.0 422.0 2633.0 732.0 2656.0 709.0 2912.0 plane 0
1407.0 2757.0 1273.0 2513.0 1558.0 2371.0 1687.0 2611.0 plane 0
171.0 3430.0 184.0 3417.0 214.0 3444.0 202.0 3457.0 small-vehicle 0
180.0 3474.0 165.0 3487.0 137.0 3458.0 150.0 3443.0 small-vehicle 0
97.0 3507.0 110.0 3496.0 139.0 3526.0 126.0 3537.0 small-vehicle 0
121.0 3537.0 107.0 3550.0 86.0 3527.0 89.0 3505.0 small-vehicle 1
874.0 4385.0 887.0 4397.0 863.0 4426.0 850.0 4415.0 small-vehicle 0
817.0 4319.0 832.0 4333.0 797.0 4368.0 784.0 4354.0 small-vehicle 0
663.0 4201.0 677.0 4214.0 653.0 4241.0 637.0 4228.0 small-vehicle 0
645.0 4182.0 659.0 4196.0 634.0 4222.0 620.0 4209.0 small-vehicle 0
569.0 4238.0 555.0 4223.0 589.0 4188.0 603.0 4203.0 small-vehicle 0
553.0 4089.0 568.0 4107.0 534.0 4136.0 519.0 4118.0 small-vehicle 0
486.0 4092.0 470.0 4079.0 497.0 4048.0 513.0 4061.0 small-vehicle 0
469.0 4076.0 454.0 4061.0 483.0 4029.0 499.0 4043.0 small-vehicle 0
457.0 3992.0 472.0 4005.0 442.0 4044.0 427.0 4031.0 small-vehicle 0
429.0 3991.0 443.0 4001.0 424.0 4027.0 410.0 4016.0 small-vehicle 0
414.0 3971.0 428.0 3984.0 404.0 4014.0 390.0 4003.0 small-vehicle 0
125.0 4020.0 110.0 4006.0 136.0 3976.0 151.0 3991.0 small-vehicle 0
106.0 4009.0 92.0 3997.0 120.0 3967.0 134.0 3980.0 small-vehicle 0
226.0 4065.0 212.0 4051.0 237.0 4022.0 252.0 4036.0 small-vehicle 0
212.0 3989.0 226.0 4001.0 198.0 4034.0 184.0 4021.0 small-vehicle 0
193.0 3978.0 206.0 3991.0 182.0 4020.0 169.0 4008.0 small-vehicle 0
104.0 3953.0 116.0 3966.0 89.0 3994.0 77.0 3982.0 small-vehicle 0
120.0 3962.0 108.0 3948.0 137.0 3921.0 148.0 3934.0 small-vehicle 0
117.0 3911.0 129.0 3921.0 105.0 3948.0 92.0 3938.0 small-vehicle 0
99.0 3891.0 113.0 3902.0 89.0 3931.0 77.0 3921.0 small-vehicle 0
86.0 4069.0 99.0 4082.0 71.0 4115.0 70.0 4087.0 small-vehicle 1
76.0 3911.0 77.0 3889.0 84.0 3879.0 96.0 3887.0 small-vehicle 1
114.0 3559.0 101.0 3570.0 85.0 3555.0 87.0 3534.0 small-vehicle 1
204.0 6292.0 202.0 6310.0 162.0 6306.0 163.0 6289.0 small-vehicle 0
195.0 6378.0 211.0 6391.0 182.0 6424.0 166.0 6411.0 small-vehicle 0
104.0 6356.0 101.0 6372.0 63.0 6366.0 67.0 6350.0 small-vehicle 0
235.0 569.0 223.0 545.0 321.0 489.0 334.0 511.0 large-vehicle 0
3587.0 6525.0 3575.0 6505.0 3618.0 6482.0 3629.0 6503.0 small-vehicle 0
2985.0 6287.0 3018.0 6294.0 2999.0 6384.0 2965.0 6379.0 large-vehicle 0
2827.0 6396.0 2838.0 6383.0 2869.0 6407.0 2858.0 6421.0 small-vehicle 0
2800.0 6431.0 2811.0 6419.0 2841.0 6444.0 2831.0 6455.0 small-vehicle 0
2879.0 6338.0 2892.0 6324.0 2929.0 6358.0 2916.0 6370.0 small-vehicle 0
2767.0 6466.0 2778.0 6454.0 2809.0 6481.0 2797.0 6493.0 small-vehicle 0
2519.0 4993.0 2532.0 4986.0 2553.0 5023.0 2539.0 5031.0 small-vehicle 0
2424.0 4686.0 2407.0 4693.0 2391.0 4660.0 2407.0 4652.0 small-vehicle 0
264.0 953.0 280.0 945.0 297.0 977.0 282.0 985.0 small-vehicle 0
361.0 1057.0 344.0 1068.0 325.0 1032.0 341.0 1024.0 small-vehicle 0
421.0 436.0 444.0 448.0 391.0 549.0 364.0 537.0 large-vehicle 0
268.0 644.0 240.0 657.0 187.0 553.0 215.0 540.0 large-vehicle 0
56.0 6401.0 61.0 6384.0 95.0 6392.0 91.0 6409.0 small-vehicle 0
753.0 3896.0 739.0 3871.0 854.0 3813.0 866.0 3837.0 large-vehicle 0
701.0 3722.0 691.0 3703.0 735.0 3682.0 744.0 3701.0 small-vehicle 0
685.0 3529.0 705.0 3543.0 641.0 3631.0 618.0 3615.0 large-vehicle 0
573.0 3323.0 594.0 3336.0 529.0 3436.0 508.0 3420.0 large-vehicle 0
1245.0 3537.0 1261.0 3531.0 1277.0 3568.0 1261.0 3575.0 small-vehicle 0
1771.0 6453.0 1785.0 6464.0 1777.0 6473.0 1756.0 6472.0 small-vehicle 1
1887.0 5804.0 1901.0 5816.0 1877.0 5846.0 1863.0 5833.0 small-vehicle 0
1843.0 5760.0 1857.0 5769.0 1837.0 5796.0 1823.0 5787.0 small-vehicle 1
1797.0 5766.0 1784.0 5755.0 1808.0 5727.0 1820.0 5738.0 small-vehicle 0
1640.0 5581.0 1655.0 5574.0 1672.0 5608.0 1659.0 5615.0 small-vehicle 0
1611.0 5524.0 1625.0 5514.0 1647.0 5549.0 1633.0 5558.0 small-vehicle 0
2066.0 4023.0 2050.0 4033.0 2031.0 3996.0 2049.0 3986.0 small-vehicle 0
1873.0 3756.0 1857.0 3765.0 1840.0 3727.0 1855.0 3719.0 small-vehicle 0
1128.0 2487.0 1139.0 2472.0 1175.0 2494.0 1164.0 2510.0 small-vehicle 0
1417.0 2796.0 1402.0 2806.0 1384.0 2771.0 1400.0 2762.0 small-vehicle 0
2844.0 6375.0 2855.0 6363.0 2890.0 6395.0 2881.0 6406.0 small-vehicle 1
2811.0 6412.0 2821.0 6400.0 2861.0 6429.0 2845.0 6438.0 small-vehicle 1
1194.0 3432.0 1205.0 3422.0 1236.0 3450.0 1225.0 3461.0 small-vehicle 0
1374.0 3910.0 1380.0 3899.0 1413.0 3919.0 1403.0 3933.0 large-vehicle 0
1358.0 3935.0 1369.0 3924.0 1397.0 3949.0 1386.0 3963.0 large-vehicle 0
1010.0 4558.0 1027.0 4571.0 1000.0 4601.0 986.0 4591.0 small-vehicle 1
1447.0 5207.0 1458.0 5201.0 1480.0 5234.0 1467.0 5245.0 small-vehicle 0
1251.0 4986.0 1238.0 4994.0 1221.0 4959.0 1232.0 4950.0 small-vehicle 1
787.0 3975.0 778.0 3960.0 822.0 3936.0 833.0 3952.0 small-vehicle 1
823.0 4028.0 816.0 4014.0 845.0 3997.0 853.0 4015.0 small-vehicle 1
805.0 3990.0 798.0 3974.0 827.0 3959.0 836.0 3972.0 small-vehicle 1
1278.0 1647.0 1294.0 1631.0 1335.0 1678.0 1312.0 1692.0 large-vehicle 0
3732.0 143.0 3651.0 215.0 3614.0 148.0 3702.0 94.0 plane 0
3828.0 372.0 3760.0 425.0 3722.0 376.0 3791.0 324.0 plane 0
3727.0 314.0 3803.0 262.0 3844.0 313.0 3769.0 372.0 plane 0
3847.0 707.0 3833.0 713.0 3810.0 677.0 3827.0 667.0 small-vehicle 0
1880.0 4884.0 2026.0 5070.0 1804.0 5271.0 1603.0 5044.0 plane 0
1559.0 4236.0 1715.0 4505.0 1424.0 4620.0 1313.0 4392.0 plane 0
1128.0 2441.0 914.0 2055.0 1401.0 1815.0 1621.0 2235.0 plane 0
965.0 1172.0 963.0 1156.0 1000.0 1149.0 1002.0 1166.0 small-vehicle 0
383.0 211.0 746.0 300.0 633.0 666.0 292.0 548.0 plane 0
1590.0 3078.0 1574.0 3068.0 1596.0 3031.0 1613.0 3040.0 small-vehicle 0
1290.0 2601.0 1273.0 2610.0 1250.0 2574.0 1266.0 2564.0 small-vehicle 0
1552.0 5420.0 1568.0 5411.0 1590.0 5449.0 1574.0 5458.0 small-vehicle 0
1499.0 5324.0 1517.0 5314.0 1541.0 5358.0 1523.0 5367.0 small-vehicle 0
1710.0 6057.0 1694.0 6073.0 1651.0 6033.0 1665.0 6017.0 small-vehicle 0
1277.0 5032.0 1261.0 5042.0 1242.0 5007.0 1257.0 4998.0 small-vehicle 0
1665.0 5622.0 1682.0 5612.0 1705.0 5655.0 1688.0 5664.0 small-vehicle 1
1579.0 5468.0 1594.0 5460.0 1619.0 5503.0 1604.0 5510.0 small-vehicle 1
1528.0 5379.0 1542.0 5371.0 1563.0 5404.0 1549.0 5412.0 small-vehicle 1
1406.0 5156.0 1420.0 5147.0 1440.0 5180.0 1428.0 5188.0 small-vehicle 1
1090.0 5151.0 1081.0 5134.0 1117.0 5114.0 1127.0 5132.0 small-vehicle 1
764.0 5122.0 778.0 5107.0 813.0 5139.0 801.0 5152.0 small-vehicle 0
1127.0 5229.0 1120.0 5211.0 1159.0 5194.0 1167.0 5211.0 small-vehicle 0
1119.0 5206.0 1111.0 5189.0 1148.0 5171.0 1157.0 5189.0 small-vehicle 0
1074.0 5113.0 1065.0 5098.0 1099.0 5078.0 1109.0 5093.0 small-vehicle 0
1068.0 5094.0 1058.0 5080.0 1091.0 5058.0 1102.0 5072.0 small-vehicle 0
1030.0 5039.0 1021.0 5022.0 1057.0 5002.0 1066.0 5019.0 small-vehicle 0
1311.0 4978.0 1327.0 4969.0 1351.0 5009.0 1336.0 5018.0 small-vehicle 1
1248.0 5210.0 1238.0 5195.0 1274.0 5172.0 1284.0 5188.0 small-vehicle 1
1232.0 5098.0 1242.0 5115.0 1208.0 5131.0 1200.0 5116.0 small-vehicle 1
1242.0 5119.0 1250.0 5136.0 1217.0 5152.0 1208.0 5136.0 small-vehicle 1
1118.0 4967.0 1108.0 4949.0 1141.0 4929.0 1152.0 4947.0 small-vehicle 1
1015.0 4998.0 1005.0 4982.0 1037.0 4960.0 1048.0 4977.0 small-vehicle 1
974.0 4929.0 964.0 4915.0 994.0 4893.0 1004.0 4905.0 small-vehicle 0
964.0 4911.0 954.0 4897.0 984.0 4876.0 994.0 4889.0 small-vehicle 0
953.0 4892.0 944.0 4876.0 978.0 4856.0 988.0 4873.0 small-vehicle 0
945.0 4870.0 937.0 4854.0 969.0 4837.0 978.0 4854.0 small-vehicle 0
742.0 4752.0 737.0 4769.0 698.0 4755.0 703.0 4738.0 small-vehicle 0
754.0 4733.0 750.0 4749.0 710.0 4738.0 713.0 4722.0 small-vehicle 0
1823.0 5737.0 1839.0 5749.0 1818.0 5777.0 1801.0 5764.0 small-vehicle 1
1331.0 5134.0 1314.0 5143.0 1294.0 5105.0 1310.0 5095.0 small-vehicle 0
1527.0 6425.0 1541.0 6434.0 1523.0 6458.0 1510.0 6448.0 small-vehicle 1
1203.0 5044.0 1212.0 5060.0 1179.0 5077.0 1171.0 5061.0 small-vehicle 0
1684.0 6369.0 1699.0 6382.0 1676.0 6407.0 1662.0 6395.0 small-vehicle 1
1488.0 6375.0 1474.0 6362.0 1499.0 6333.0 1514.0 6347.0 small-vehicle 1
1747.0 6423.0 1761.0 6436.0 1732.0 6468.0 1717.0 6455.0 small-vehicle 0
1703.0 6446.0 1688.0 6433.0 1717.0 6399.0 1731.0 6411.0 small-vehicle 0
1700.0 6384.0 1715.0 6397.0 1691.0 6424.0 1676.0 6411.0 small-vehicle 0
1506.0 6449.0 1491.0 6436.0 1514.0 6409.0 1529.0 6422.0 small-vehicle 0
1465.0 6406.0 1449.0 6392.0 1473.0 6366.0 1489.0 6381.0 small-vehicle 0
1487.0 6383.0 1503.0 6395.0 1481.0 6422.0 1466.0 6412.0 small-vehicle 0
1566.0 6448.0 1549.0 6435.0 1575.0 6404.0 1591.0 6415.0 small-vehicle 0
1550.0 6432.0 1534.0 6419.0 1560.0 6389.0 1575.0 6401.0 small-vehicle 0
1517.0 6353.0 1531.0 6366.0 1505.0 6393.0 1490.0 6380.0 small-vehicle 0
1658.0 6346.0 1671.0 6358.0 1650.0 6384.0 1635.0 6372.0 small-vehicle 0
1582.0 6279.0 1595.0 6290.0 1574.0 6315.0 1561.0 6306.0 small-vehicle 1
1569.0 6265.0 1583.0 6275.0 1559.0 6306.0 1545.0 6296.0 small-vehicle 1
1595.0 6291.0 1611.0 6303.0 1587.0 6334.0 1571.0 6322.0 small-vehicle 1
2032.0 6244.0 2051.0 6224.0 2102.0 6272.0 2083.0 6290.0 small-vehicle 0
1329.0 5620.0 1342.0 5604.0 1380.0 5640.0 1367.0 5655.0 small-vehicle 0
1322.0 5653.0 1337.0 5638.0 1369.0 5668.0 1353.0 5684.0 small-vehicle 0
1211.0 5554.0 1223.0 5542.0 1253.0 5570.0 1242.0 5581.0 small-vehicle 0
1225.0 5079.0 1233.0 5095.0 1199.0 5114.0 1191.0 5099.0 small-vehicle 0
1215.0 5063.0 1221.0 5078.0 1188.0 5096.0 1181.0 5081.0 small-vehicle 0
1251.0 5136.0 1261.0 5151.0 1234.0 5169.0 1224.0 5153.0 small-vehicle 1
1264.0 5155.0 1274.0 5171.0 1240.0 5192.0 1231.0 5176.0 small-vehicle 0
565.0 1398.0 404.0 1047.0 743.0 897.0 905.0 1222.0 plane 0
