imagesource:GoogleEarth
gsd:0.231095748744
2820.0 1649.0 2820.0 1656.0 2803.0 1653.0 2804.0 1647.0 ship 0
2266.0 86.0 2264.0 96.0 2241.0 91.0 2242.0 84.0 small-vehicle 0
2352.0 77.0 2352.0 87.0 2327.0 86.0 2327.0 76.0 small-vehicle 0
2409.0 116.0 2407.0 126.0 2384.0 124.0 2384.0 112.0 small-vehicle 0
2406.0 80.0 2406.0 88.0 2385.0 86.0 2385.0 78.0 small-vehicle 0
1449.0 683.0 1448.0 692.0 1426.0 690.0 1426.0 682.0 small-vehicle 0
1542.0 1223.0 1533.0 1223.0 1534.0 1203.0 1541.0 1203.0 small-vehicle 0
1524.0 1207.0 1531.0 1207.0 1528.0 1229.0 1521.0 1229.0 small-vehicle 0
1532.0 1226.0 1542.0 1226.0 1541.0 1246.0 1531.0 1245.0 small-vehicle 0
1413.0 1625.0 1406.0 1620.0 1417.0 1603.0 1425.0 1607.0 small-vehicle 1
1466.0 1484.0 1478.0 1484.0 1478.0 1509.0 1467.0 1509.0 small-vehicle 0
1609.0 1314.0 1608.0 1325.0 1587.0 1323.0 1587.0 1311.0 small-vehicle 0
1392.0 1262.0 1393.0 1250.0 1416.0 1253.0 1417.0 1263.0 small-vehicle 0
1396.0 988.0 1386.0 995.0 1376.0 973.0 1384.0 967.0 small-vehicle 0
1716.0 998.0 1727.0 998.0 1726.0 1018.0 1716.0 1018.0 small-vehicle 0
1681.0 988.0 1681.0 976.0 1705.0 976.0 1704.0 988.0 small-vehicle 0
1620.0 853.0 1621.0 864.0 1598.0 863.0 1596.0 852.0 small-vehicle 0
1694.0 833.0 1695.0 846.0 1673.0 843.0 1673.0 834.0 small-vehicle 0
1442.0 770.0 1441.0 780.0 1418.0 779.0 1417.0 769.0 small-vehicle 0
1419.0 280.0 1430.0 281.0 1431.0 312.0 1417.0 311.0 large-vehicle 0
1421.0 542.0 1422.0 533.0 1445.0 534.0 1445.0 545.0 small-vehicle 0
1372.0 430.0 1382.0 430.0 1381.0 453.0 1370.0 453.0 small-vehicle 0
1344.0 495.0 1345.0 507.0 1323.0 506.0 1322.0 496.0 small-vehicle 0
1326.0 395.0 1327.0 386.0 1348.0 388.0 1348.0 397.0 small-vehicle 0
1326.0 407.0 1326.0 399.0 1349.0 399.0 1347.0 409.0 small-vehicle 0
847.0 2202.0 856.0 2201.0 856.0 2223.0 846.0 2224.0 small-vehicle 0
873.0 2229.0 861.0 2228.0 863.0 2202.0 876.0 2201.0 large-vehicle 0
2320.0 98.0 2320.0 107.0 2294.0 107.0 2295.0 98.0 small-vehicle 0
2176.0 106.0 2186.0 106.0 2187.0 130.0 2176.0 131.0 small-vehicle 0
1241.0 2153.0 1241.0 2164.0 1219.0 2164.0 1219.0 2154.0 small-vehicle 0
2164.0 110.0 2173.0 109.0 2172.0 128.0 2164.0 128.0 small-vehicle 0
2160.0 1833.0 2159.0 1823.0 2181.0 1819.0 2182.0 1829.0 small-vehicle 0
2053.0 1812.0 2064.0 1812.0 2063.0 1839.0 2052.0 1839.0 small-vehicle 0
2264.0 1815.0 2262.0 1805.0 2283.0 1802.0 2284.0 1811.0 small-vehicle 0
2304.0 1848.0 2302.0 1835.0 2326.0 1833.0 2327.0 1844.0 small-vehicle 0
2391.0 1388.0 2379.0 1389.0 2380.0 1361.0 2391.0 1361.0 large-vehicle 0
2412.0 1274.0 2413.0 1264.0 2436.0 1265.0 2436.0 1275.0 small-vehicle 0
2411.0 1290.0 2412.0 1278.0 2432.0 1280.0 2432.0 1292.0 small-vehicle 0
2436.0 1244.0 2437.0 1232.0 2457.0 1235.0 2457.0 1246.0 small-vehicle 0
2433.0 1176.0 2432.0 1166.0 2453.0 1167.0 2454.0 1179.0 small-vehicle 0
2150.0 1186.0 2162.0 1185.0 2161.0 1211.0 2151.0 1211.0 small-vehicle 0
2664.0 829.0 2674.0 828.0 2673.0 856.0 2662.0 856.0 small-vehicle 0
2411.0 493.0 2401.0 491.0 2402.0 467.0 2412.0 467.0 small-vehicle 1
2490.0 572.0 2476.0 568.0 2479.0 546.0 2493.0 547.0 small-vehicle 0
2154.0 767.0 2165.0 767.0 2161.0 793.0 2153.0 792.0 small-vehicle 0
2170.0 770.0 2180.0 771.0 2178.0 791.0 2171.0 790.0 small-vehicle 0
2036.0 492.0 2045.0 495.0 2041.0 512.0 2032.0 510.0 small-vehicle 0
1914.0 455.0 1925.0 456.0 1923.0 481.0 1912.0 482.0 large-vehicle 0
2264.0 445.0 2273.0 445.0 2269.0 466.0 2261.0 465.0 small-vehicle 0
2659.0 293.0 2655.0 299.0 2637.0 289.0 2640.0 282.0 small-vehicle 0
2298.0 96.0 2297.0 86.0 2321.0 85.0 2321.0 96.0 small-vehicle 0
2292.0 188.0 2281.0 189.0 2282.0 169.0 2292.0 170.0 small-vehicle 0
2281.0 188.0 2271.0 188.0 2271.0 166.0 2279.0 166.0 small-vehicle 0
2268.0 187.0 2259.0 188.0 2259.0 166.0 2267.0 166.0 small-vehicle 0
2255.0 186.0 2246.0 186.0 2248.0 167.0 2255.0 167.0 small-vehicle 0
2201.0 186.0 2191.0 186.0 2191.0 166.0 2202.0 166.0 small-vehicle 0
1319.0 2152.0 1306.0 2156.0 1298.0 2124.0 1314.0 2122.0 large-vehicle 0
1029.0 2515.0 1021.0 2513.0 1024.0 2493.0 1031.0 2493.0 ship 0
2154.0 1890.0 2164.0 1889.0 2166.0 1909.0 2157.0 1912.0 small-vehicle 0
108.0 1858.0 111.0 1850.0 128.0 1853.0 125.0 1862.0 small-vehicle 1
97.0 1928.0 97.0 1918.0 119.0 1920.0 118.0 1931.0 small-vehicle 0
95.0 1845.0 86.0 1844.0 89.0 1822.0 100.0 1822.0 small-vehicle 0
108.0 1843.0 100.0 1842.0 101.0 1823.0 109.0 1823.0 small-vehicle 0
120.0 1843.0 112.0 1842.0 112.0 1821.0 121.0 1822.0 small-vehicle 1
761.0 772.0 762.0 763.0 739.0 761.0 739.0 770.0 small-vehicle 1
705.0 703.0 696.0 703.0 696.0 681.0 705.0 681.0 small-vehicle 0
693.0 184.0 685.0 184.0 684.0 162.0 692.0 161.0 small-vehicle 0
711.0 180.0 720.0 181.0 718.0 201.0 709.0 201.0 small-vehicle 0
691.0 212.0 682.0 212.0 683.0 192.0 692.0 191.0 small-vehicle 0
689.0 238.0 681.0 237.0 683.0 218.0 690.0 219.0 small-vehicle 0
686.0 261.0 677.0 262.0 678.0 240.0 686.0 242.0 small-vehicle 0
684.0 317.0 674.0 317.0 673.0 294.0 685.0 293.0 small-vehicle 0
681.0 342.0 672.0 341.0 673.0 320.0 683.0 321.0 small-vehicle 0
679.0 368.0 669.0 367.0 670.0 348.0 680.0 348.0 small-vehicle 1
704.0 441.0 694.0 440.0 695.0 421.0 705.0 422.0 small-vehicle 1
695.0 454.0 703.0 454.0 701.0 474.0 693.0 474.0 small-vehicle 1
622.0 1334.0 622.0 1345.0 599.0 1343.0 599.0 1331.0 small-vehicle 1
622.0 1354.0 622.0 1364.0 600.0 1362.0 600.0 1352.0 small-vehicle 1
793.0 1376.0 792.0 1366.0 806.0 1365.0 808.0 1375.0 small-vehicle 1
809.0 1344.0 811.0 1354.0 792.0 1354.0 790.0 1345.0 small-vehicle 1
254.0 1686.0 253.0 1699.0 234.0 1698.0 234.0 1686.0 small-vehicle 1
285.0 1641.0 284.0 1651.0 261.0 1650.0 261.0 1639.0 small-vehicle 1
283.0 1629.0 284.0 1639.0 258.0 1639.0 258.0 1630.0 small-vehicle 1
257.0 1629.0 257.0 1638.0 237.0 1637.0 236.0 1628.0 small-vehicle 1
258.0 1686.0 256.0 1677.0 278.0 1676.0 278.0 1685.0 small-vehicle 1
91.0 1962.0 93.0 1951.0 113.0 1951.0 111.0 1963.0 small-vehicle 0
104.0 1869.0 106.0 1860.0 125.0 1864.0 122.0 1873.0 small-vehicle 1
1014.0 2455.0 1022.0 2458.0 1018.0 2476.0 1011.0 2475.0 ship 0
104.0 1882.0 105.0 1875.0 130.0 1877.0 126.0 1886.0 small-vehicle 1
1021.0 2456.0 1029.0 2455.0 1030.0 2476.0 1022.0 2478.0 ship 0
1015.0 1563.0 1007.0 1561.0 1006.0 1541.0 1014.0 1541.0 small-vehicle 0
896.0 1408.0 896.0 1420.0 871.0 1418.0 871.0 1408.0 small-vehicle 0
996.0 1448.0 996.0 1438.0 1019.0 1439.0 1019.0 1448.0 small-vehicle 0
1001.0 1427.0 997.0 1419.0 1017.0 1416.0 1020.0 1427.0 small-vehicle 0
991.0 1415.0 992.0 1404.0 1012.0 1405.0 1011.0 1414.0 small-vehicle 0
861.0 1238.0 862.0 1228.0 881.0 1230.0 881.0 1239.0 small-vehicle 0
1006.0 1336.0 1024.0 1337.0 1021.0 1377.0 1004.0 1377.0 large-vehicle 0
846.0 1313.0 835.0 1312.0 837.0 1286.0 847.0 1287.0 large-vehicle 0
858.0 1315.0 847.0 1313.0 846.0 1284.0 862.0 1285.0 large-vehicle 0
1261.0 1208.0 1269.0 1208.0 1266.0 1230.0 1257.0 1229.0 small-vehicle 0
978.0 1244.0 977.0 1232.0 1003.0 1233.0 1001.0 1245.0 small-vehicle 0
891.0 916.0 884.0 928.0 855.0 916.0 859.0 903.0 large-vehicle 0
1057.0 753.0 1057.0 741.0 1082.0 743.0 1080.0 754.0 small-vehicle 0
1072.0 356.0 1075.0 348.0 1098.0 357.0 1095.0 365.0 small-vehicle 0
1001.0 427.0 1001.0 437.0 971.0 434.0 972.0 426.0 large-vehicle 0
1023.0 179.0 1014.0 170.0 1030.0 154.0 1038.0 163.0 large-vehicle 0
474.0 1835.0 477.0 1823.0 509.0 1827.0 507.0 1841.0 large-vehicle 0
352.0 1801.0 342.0 1799.0 345.0 1776.0 355.0 1776.0 small-vehicle 0
406.0 1783.0 415.0 1784.0 412.0 1806.0 404.0 1806.0 small-vehicle 0
391.0 1793.0 402.0 1793.0 400.0 1815.0 389.0 1816.0 small-vehicle 0
365.0 1802.0 355.0 1802.0 357.0 1779.0 367.0 1781.0 small-vehicle 0
205.0 1825.0 215.0 1826.0 212.0 1850.0 201.0 1850.0 small-vehicle 1
96.0 1915.0 100.0 1906.0 117.0 1910.0 112.0 1919.0 small-vehicle 1
102.0 1894.0 104.0 1886.0 126.0 1888.0 124.0 1897.0 small-vehicle 1
2235.0 1865.0 2225.0 1871.0 2212.0 1852.0 2220.0 1845.0 small-vehicle 0
2257.0 1907.0 2248.0 1909.0 2245.0 1892.0 2252.0 1889.0 small-vehicle 0
2836.0 1762.0 2826.0 1760.0 2828.0 1734.0 2838.0 1736.0 ship 0
135.0 2765.0 141.0 2760.0 151.0 2782.0 142.0 2785.0 small-vehicle 0
139.0 2741.0 148.0 2740.0 155.0 2763.0 147.0 2765.0 small-vehicle 0
129.0 2739.0 137.0 2736.0 143.0 2759.0 135.0 2760.0 small-vehicle 0
151.0 436.0 140.0 436.0 140.0 415.0 150.0 416.0 small-vehicle 0
312.0 407.0 302.0 407.0 302.0 380.0 311.0 381.0 small-vehicle 0
3750.0 3973.0 3749.0 3965.0 3770.0 3966.0 3770.0 3975.0 small-vehicle 1
3752.0 3961.0 3752.0 3951.0 3773.0 3952.0 3773.0 3963.0 small-vehicle 1
3564.0 4081.0 3563.0 4107.0 3618.0 4108.0 3618.0 4080.0 swimming-pool 0
3302.0 3764.0 3304.0 3775.0 3278.0 3779.0 3276.0 3770.0 large-vehicle 0
3266.0 3767.0 3275.0 3767.0 3275.0 3789.0 3267.0 3788.0 small-vehicle 0
3656.0 3952.0 3654.0 3940.0 3678.0 3940.0 3678.0 3951.0 small-vehicle 0
3866.0 4080.0 3877.0 4080.0 3875.0 4102.0 3865.0 4101.0 small-vehicle 0
3853.0 4081.0 3863.0 4080.0 3862.0 4101.0 3854.0 4101.0 small-vehicle 0
3867.0 4107.0 3876.0 4103.0 3882.0 4120.0 3875.0 4124.0 small-vehicle 0
3709.0 4180.0 3708.0 4169.0 3731.0 4171.0 3733.0 4180.0 small-vehicle 0
3303.0 4185.0 3302.0 4196.0 3280.0 4194.0 3279.0 4182.0 small-vehicle 0
3492.0 4366.0 3481.0 4366.0 3483.0 4345.0 3493.0 4343.0 small-vehicle 0
3641.0 4322.0 3646.0 4331.0 3630.0 4341.0 3625.0 4333.0 small-vehicle 0
3507.0 4324.0 3507.0 4312.0 3528.0 4314.0 3526.0 4323.0 small-vehicle 0
3507.0 4308.0 3507.0 4300.0 3525.0 4300.0 3526.0 4309.0 small-vehicle 0
4041.0 4405.0 4035.0 4398.0 4053.0 4384.0 4059.0 4390.0 small-vehicle 0
4101.0 4394.0 4092.0 4386.0 4107.0 4369.0 4117.0 4379.0 small-vehicle 0
4127.0 4407.0 4121.0 4397.0 4137.0 4383.0 4146.0 4391.0 small-vehicle 0
4154.0 4362.0 4147.0 4354.0 4162.0 4339.0 4171.0 4348.0 small-vehicle 0
4196.0 4303.0 4187.0 4296.0 4202.0 4281.0 4211.0 4289.0 small-vehicle 0
4286.0 4212.0 4278.0 4204.0 4295.0 4188.0 4301.0 4197.0 small-vehicle 0
151.0 2771.0 159.0 2768.0 166.0 2789.0 157.0 2792.0 small-vehicle 0
125.0 2766.0 132.0 2763.0 137.0 2783.0 129.0 2786.0 small-vehicle 0
4565.0 4203.0 4574.0 4210.0 4557.0 4227.0 4551.0 4220.0 small-vehicle 0
161.0 2767.0 170.0 2765.0 178.0 2785.0 171.0 2790.0 small-vehicle 0
2341.0 4175.0 2331.0 4176.0 2331.0 4156.0 2339.0 4156.0 small-vehicle 0
1846.0 4271.0 1852.0 4278.0 1837.0 4291.0 1830.0 4283.0 small-vehicle 0
1652.0 4102.0 1651.0 4092.0 1673.0 4093.0 1673.0 4103.0 small-vehicle 0
1716.0 4113.0 1714.0 4102.0 1734.0 4101.0 1736.0 4112.0 small-vehicle 0
1325.0 4302.0 1324.0 4289.0 1347.0 4290.0 1348.0 4301.0 ship 0
913.0 4222.0 913.0 4232.0 888.0 4232.0 888.0 4223.0 small-vehicle 0
364.0 4271.0 363.0 4281.0 339.0 4276.0 341.0 4266.0 small-vehicle 1
96.0 4259.0 92.0 4266.0 75.0 4255.0 78.0 4249.0 small-vehicle 1
81.0 4275.0 84.0 4264.0 103.0 4270.0 101.0 4281.0 small-vehicle 1
76.0 2995.0 76.0 2984.0 97.0 2985.0 98.0 2996.0 small-vehicle 1
75.0 3014.0 75.0 3005.0 93.0 3006.0 93.0 3014.0 small-vehicle 1
72.0 3027.0 73.0 3017.0 92.0 3016.0 93.0 3027.0 small-vehicle 1
69.0 3066.0 70.0 3055.0 90.0 3055.0 89.0 3067.0 small-vehicle 1
70.0 3104.0 70.0 3097.0 88.0 3098.0 88.0 3105.0 small-vehicle 1
68.0 3125.0 67.0 3114.0 88.0 3117.0 86.0 3126.0 small-vehicle 1
66.0 3145.0 66.0 3135.0 86.0 3137.0 85.0 3145.0 small-vehicle 1
56.0 3228.0 56.0 3236.0 36.0 3236.0 36.0 3225.0 small-vehicle 0
226.0 3001.0 226.0 2990.0 247.0 2993.0 246.0 2999.0 small-vehicle 0
248.0 3003.0 246.0 3013.0 226.0 3011.0 226.0 3003.0 small-vehicle 0
246.0 3021.0 244.0 3031.0 222.0 3031.0 222.0 3019.0 small-vehicle 0
66.0 3086.0 65.0 3077.0 91.0 3077.0 91.0 3086.0 small-vehicle 0
70.0 3046.0 71.0 3036.0 94.0 3037.0 92.0 3046.0 small-vehicle 0
150.0 3027.0 144.0 3034.0 126.0 3012.0 133.0 3007.0 small-vehicle 0
111.0 2763.0 119.0 2761.0 127.0 2780.0 117.0 2784.0 small-vehicle 0
176.0 2769.0 184.0 2766.0 192.0 2785.0 184.0 2790.0 small-vehicle 0
4534.0 4191.0 4542.0 4200.0 4524.0 4216.0 4517.0 4207.0 small-vehicle 0
4672.0 4138.0 4677.0 4146.0 4659.0 4160.0 4653.0 4153.0 small-vehicle 0
2194.0 1860.0 2195.0 1871.0 2173.0 1873.0 2171.0 1863.0 small-vehicle 0
3280.0 238.0 3272.0 232.0 3286.0 213.0 3295.0 219.0 large-vehicle 0
2905.0 298.0 2912.0 305.0 2898.0 322.0 2891.0 316.0 small-vehicle 0
2810.0 981.0 2808.0 990.0 2786.0 986.0 2786.0 977.0 small-vehicle 0
2833.0 983.0 2833.0 992.0 2808.0 992.0 2809.0 980.0 small-vehicle 0
2949.0 1055.0 2940.0 1054.0 2943.0 1035.0 2952.0 1037.0 small-vehicle 0
3061.0 995.0 3060.0 1007.0 3038.0 1002.0 3039.0 991.0 small-vehicle 0
3069.0 1085.0 3061.0 1084.0 3064.0 1062.0 3071.0 1064.0 small-vehicle 0
3044.0 1709.0 3046.0 1699.0 3067.0 1703.0 3065.0 1712.0 small-vehicle 0
3157.0 1911.0 3166.0 1916.0 3158.0 1935.0 3149.0 1930.0 small-vehicle 0
3027.0 1900.0 3026.0 1910.0 3004.0 1905.0 3005.0 1895.0 small-vehicle 0
2958.0 1840.0 2965.0 1835.0 2977.0 1849.0 2971.0 1856.0 small-vehicle 0
2976.0 1843.0 2981.0 1836.0 2995.0 1850.0 2990.0 1855.0 small-vehicle 0
2776.0 1871.0 2775.0 1861.0 2799.0 1861.0 2799.0 1872.0 small-vehicle 0
1932.0 1008.0 1923.0 1012.0 1914.0 994.0 1924.0 990.0 small-vehicle 1
1411.0 1873.0 1399.0 1871.0 1400.0 1848.0 1411.0 1848.0 large-vehicle 0
1773.0 1617.0 1772.0 1606.0 1795.0 1608.0 1794.0 1617.0 small-vehicle 0
1504.0 1542.0 1504.0 1531.0 1522.0 1531.0 1523.0 1542.0 small-vehicle 0
1524.0 1544.0 1525.0 1553.0 1501.0 1552.0 1501.0 1544.0 small-vehicle 0
2588.0 1788.0 2588.0 1800.0 2559.0 1797.0 2561.0 1785.0 large-vehicle 0
2572.0 1864.0 2562.0 1863.0 2563.0 1838.0 2575.0 1839.0 small-vehicle 0
2632.0 1875.0 2623.0 1875.0 2623.0 1856.0 2633.0 1856.0 small-vehicle 0
2584.0 1864.0 2574.0 1864.0 2574.0 1840.0 2583.0 1840.0 small-vehicle 0
2531.0 1834.0 2540.0 1835.0 2541.0 1859.0 2530.0 1859.0 large-vehicle 0
2517.0 1834.0 2526.0 1835.0 2525.0 1856.0 2516.0 1855.0 small-vehicle 0
2443.0 1835.0 2451.0 1834.0 2453.0 1855.0 2445.0 1856.0 small-vehicle 0
2440.0 1868.0 2434.0 1867.0 2430.0 1850.0 2438.0 1849.0 small-vehicle 0
3305.0 121.0 3313.0 129.0 3299.0 145.0 3292.0 138.0 small-vehicle 0
3797.0 308.0 3807.0 314.0 3792.0 330.0 3785.0 323.0 small-vehicle 0
4683.0 4095.0 4691.0 4102.0 4677.0 4119.0 4671.0 4111.0 small-vehicle 0
3791.0 300.0 3798.0 308.0 3783.0 322.0 3777.0 315.0 small-vehicle 0
4750.0 4058.0 4758.0 4066.0 4743.0 4080.0 4735.0 4074.0 small-vehicle 0
4392.0 4086.0 4385.0 4079.0 4398.0 4067.0 4405.0 4072.0 small-vehicle 0
4432.0 4074.0 4423.0 4066.0 4437.0 4051.0 4444.0 4060.0 small-vehicle 0
4570.0 3957.0 4562.0 3948.0 4578.0 3935.0 4586.0 3943.0 small-vehicle 0
4811.0 3983.0 4820.0 3992.0 4803.0 4009.0 4794.0 4000.0 small-vehicle 0
4872.0 3909.0 4878.0 3915.0 4865.0 3930.0 4858.0 3922.0 small-vehicle 0
4881.0 3878.0 4887.0 3885.0 4873.0 3899.0 4867.0 3891.0 small-vehicle 0
4436.0 3736.0 4430.0 3727.0 4446.0 3716.0 4452.0 3725.0 small-vehicle 0
4537.0 3618.0 4532.0 3626.0 4515.0 3612.0 4520.0 3605.0 small-vehicle 0
4870.0 3642.0 4863.0 3636.0 4880.0 3615.0 4888.0 3622.0 large-vehicle 0
4879.0 2675.0 4879.0 2666.0 4901.0 2668.0 4900.0 2676.0 small-vehicle 0
4918.0 1828.0 4908.0 1827.0 4909.0 1801.0 4920.0 1802.0 large-vehicle 0
5000.0 1569.0 4991.0 1570.0 4993.0 1548.0 5001.0 1548.0 ship 0
4979.0 1543.0 4968.0 1541.0 4969.0 1518.0 4980.0 1519.0 small-vehicle 0
3339.0 1276.0 3349.0 1276.0 3349.0 1296.0 3339.0 1296.0 small-vehicle 0
3484.0 1234.0 3482.0 1243.0 3463.0 1238.0 3465.0 1229.0 small-vehicle 1
3359.0 1141.0 3349.0 1139.0 3354.0 1119.0 3365.0 1121.0 small-vehicle 1
3368.0 1125.0 3376.0 1129.0 3367.0 1149.0 3359.0 1146.0 small-vehicle 1
3381.0 1127.0 3388.0 1131.0 3380.0 1149.0 3373.0 1146.0 small-vehicle 1
3393.0 1128.0 3401.0 1133.0 3392.0 1151.0 3385.0 1148.0 small-vehicle 1
3675.0 445.0 3668.0 453.0 3651.0 439.0 3655.0 432.0 small-vehicle 1
3350.0 904.0 3360.0 907.0 3352.0 927.0 3344.0 924.0 small-vehicle 0
3365.0 911.0 3374.0 918.0 3363.0 936.0 3356.0 931.0 small-vehicle 0
3376.0 913.0 3385.0 917.0 3376.0 935.0 3369.0 932.0 small-vehicle 0
3568.0 610.0 3573.0 602.0 3589.0 615.0 3583.0 625.0 small-vehicle 0
258.0 1675.0 258.0 1665.0 279.0 1664.0 280.0 1676.0 small-vehicle 1
261.0 1568.0 260.0 1578.0 239.0 1577.0 239.0 1568.0 small-vehicle 1
263.0 1554.0 263.0 1546.0 285.0 1547.0 284.0 1556.0 small-vehicle 0
110.0 631.0 122.0 632.0 121.0 655.0 108.0 655.0 small-vehicle 1
177.0 642.0 189.0 642.0 187.0 661.0 178.0 659.0 small-vehicle 1
188.0 615.0 199.0 616.0 198.0 638.0 190.0 638.0 small-vehicle 1
209.0 616.0 219.0 617.0 220.0 640.0 210.0 640.0 small-vehicle 1
272.0 618.0 282.0 618.0 283.0 641.0 273.0 641.0 small-vehicle 1
215.0 541.0 226.0 541.0 225.0 562.0 216.0 562.0 small-vehicle 1
214.0 565.0 225.0 565.0 225.0 584.0 215.0 585.0 small-vehicle 1
246.0 565.0 259.0 565.0 258.0 592.0 246.0 592.0 small-vehicle 1
270.0 569.0 280.0 570.0 279.0 588.0 270.0 589.0 small-vehicle 1
305.0 573.0 314.0 572.0 314.0 593.0 304.0 593.0 small-vehicle 1
317.0 573.0 326.0 574.0 325.0 594.0 315.0 594.0 small-vehicle 1
259.0 518.0 259.0 531.0 223.0 530.0 226.0 517.0 large-vehicle 0
441.0 575.0 441.0 566.0 462.0 568.0 463.0 577.0 small-vehicle 1
240.0 689.0 251.0 689.0 250.0 713.0 240.0 715.0 small-vehicle 1
208.0 687.0 221.0 689.0 216.0 712.0 208.0 710.0 small-vehicle 1
350.0 699.0 359.0 699.0 357.0 721.0 348.0 721.0 small-vehicle 1
315.0 694.0 326.0 695.0 323.0 723.0 312.0 722.0 small-vehicle 1
235.0 321.0 225.0 321.0 224.0 300.0 233.0 299.0 small-vehicle 0
257.0 321.0 250.0 322.0 247.0 301.0 255.0 300.0 small-vehicle 0
280.0 322.0 270.0 322.0 270.0 301.0 278.0 301.0 small-vehicle 0
291.0 321.0 282.0 321.0 282.0 303.0 290.0 302.0 small-vehicle 0
294.0 507.0 285.0 507.0 285.0 488.0 295.0 488.0 small-vehicle 1
282.0 508.0 274.0 509.0 275.0 487.0 283.0 487.0 small-vehicle 1
221.0 459.0 228.0 460.0 228.0 481.0 220.0 481.0 small-vehicle 1
228.0 459.0 237.0 458.0 240.0 480.0 231.0 481.0 small-vehicle 1
239.0 484.0 250.0 484.0 247.0 504.0 239.0 504.0 small-vehicle 1
121.0 682.0 133.0 682.0 131.0 703.0 123.0 703.0 small-vehicle 1
122.0 608.0 133.0 608.0 133.0 631.0 123.0 632.0 small-vehicle 1
284.0 484.0 275.0 484.0 274.0 461.0 284.0 462.0 small-vehicle 1
124.0 634.0 132.0 633.0 133.0 654.0 124.0 654.0 small-vehicle 1
181.0 1513.0 181.0 1504.0 202.0 1504.0 202.0 1514.0 small-vehicle 1
185.0 1457.0 184.0 1447.0 203.0 1447.0 203.0 1455.0 small-vehicle 1
209.0 1387.0 209.0 1398.0 186.0 1395.0 186.0 1386.0 small-vehicle 1
191.0 1321.0 191.0 1312.0 216.0 1311.0 214.0 1321.0 small-vehicle 1
189.0 1308.0 188.0 1299.0 208.0 1298.0 209.0 1307.0 small-vehicle 1
253.0 1099.0 253.0 1083.0 285.0 1085.0 284.0 1101.0 large-vehicle 0
300.0 961.0 301.0 951.0 321.0 952.0 319.0 961.0 large-vehicle 0
254.0 1040.0 254.0 1032.0 275.0 1034.0 274.0 1043.0 large-vehicle 0
310.0 1032.0 310.0 1019.0 337.0 1021.0 337.0 1033.0 large-vehicle 1
311.0 1011.0 310.0 999.0 338.0 1000.0 338.0 1011.0 large-vehicle 1
302.0 995.0 302.0 984.0 328.0 984.0 328.0 995.0 large-vehicle 0
300.0 974.0 300.0 963.0 325.0 964.0 326.0 975.0 large-vehicle 0
485.0 1219.0 484.0 1211.0 506.0 1212.0 506.0 1221.0 small-vehicle 0
296.0 944.0 296.0 934.0 320.0 934.0 319.0 942.0 small-vehicle 1
315.0 1050.0 313.0 1039.0 332.0 1040.0 332.0 1052.0 small-vehicle 1
435.0 689.0 435.0 679.0 458.0 681.0 457.0 690.0 small-vehicle 1
823.0 733.0 823.0 744.0 801.0 744.0 800.0 733.0 large-vehicle 1
686.0 561.0 696.0 561.0 695.0 582.0 685.0 582.0 large-vehicle 1
732.0 761.0 732.0 749.0 761.0 750.0 760.0 762.0 ship 0
601.0 752.0 606.0 743.0 628.0 755.0 622.0 763.0 small-vehicle 1
348.0 570.0 359.0 570.0 358.0 594.0 348.0 594.0 small-vehicle 1
368.0 693.0 379.0 695.0 376.0 723.0 368.0 723.0 small-vehicle 1
328.0 694.0 338.0 695.0 336.0 720.0 326.0 719.0 small-vehicle 1
431.0 646.0 432.0 634.0 458.0 636.0 459.0 648.0 small-vehicle 1
137.0 563.0 146.0 563.0 146.0 584.0 137.0 585.0 small-vehicle 1
262.0 481.0 252.0 482.0 251.0 459.0 261.0 460.0 small-vehicle 1
295.0 483.0 286.0 484.0 286.0 463.0 296.0 464.0 small-vehicle 1
266.0 1567.0 266.0 1557.0 288.0 1560.0 287.0 1568.0 small-vehicle 0
202.0 298.0 210.0 296.0 211.0 321.0 203.0 320.0 small-vehicle 1
224.0 325.0 233.0 326.0 232.0 345.0 223.0 345.0 small-vehicle 1
249.0 326.0 257.0 326.0 256.0 345.0 247.0 346.0 small-vehicle 1
235.0 323.0 244.0 323.0 244.0 344.0 235.0 344.0 small-vehicle 1
237.0 302.0 247.0 302.0 247.0 322.0 237.0 321.0 small-vehicle 1
259.0 298.0 266.0 300.0 269.0 320.0 260.0 321.0 small-vehicle 1
212.0 301.0 223.0 300.0 222.0 321.0 213.0 320.0 small-vehicle 1
405.0 331.0 412.0 331.0 412.0 352.0 404.0 352.0 small-vehicle 1
191.0 298.0 199.0 298.0 201.0 320.0 191.0 319.0 small-vehicle 1
311.0 245.0 320.0 244.0 317.0 264.0 310.0 264.0 small-vehicle 1
238.0 251.0 247.0 251.0 246.0 266.0 239.0 266.0 small-vehicle 1
229.0 249.0 236.0 249.0 236.0 266.0 228.0 266.0 small-vehicle 1
216.0 243.0 222.0 244.0 223.0 264.0 215.0 265.0 small-vehicle 0
206.0 243.0 212.0 244.0 211.0 263.0 204.0 263.0 small-vehicle 0
193.0 245.0 201.0 246.0 202.0 266.0 193.0 265.0 small-vehicle 0
126.0 242.0 135.0 242.0 135.0 264.0 125.0 264.0 small-vehicle 0
143.0 269.0 134.0 266.0 134.0 244.0 144.0 243.0 small-vehicle 0
206.0 107.0 210.0 118.0 193.0 124.0 189.0 115.0 small-vehicle 0
154.0 121.0 148.0 129.0 132.0 118.0 137.0 109.0 small-vehicle 0
154.0 138.0 149.0 146.0 133.0 133.0 138.0 126.0 small-vehicle 0
208.0 81.0 213.0 91.0 192.0 100.0 189.0 91.0 small-vehicle 0
4705.0 3789.0 4693.0 3778.0 4764.0 3706.0 4776.0 3716.0 large-vehicle 0
633.0 2956.0 632.0 2969.0 518.0 2947.0 526.0 2933.0 harbor 0
763.0 2969.0 752.0 2985.0 558.0 2863.0 564.0 2849.0 harbor 0
4099.0 535.0 4089.0 544.0 4019.0 455.0 4030.0 445.0 harbor 0
4681.0 1009.0 4694.0 1006.0 4695.0 1038.0 4682.0 1038.0 ship 0
198.0 343.0 189.0 343.0 191.0 321.0 199.0 322.0 small-vehicle 1
370.0 331.0 381.0 331.0 380.0 356.0 370.0 356.0 small-vehicle 1
334.0 412.0 344.0 412.0 343.0 430.0 332.0 429.0 small-vehicle 1
367.0 390.0 376.0 389.0 376.0 409.0 369.0 411.0 small-vehicle 1
325.0 411.0 333.0 411.0 331.0 430.0 323.0 430.0 small-vehicle 1
288.0 410.0 296.0 411.0 294.0 431.0 285.0 429.0 small-vehicle 1
276.0 409.0 285.0 409.0 283.0 429.0 276.0 429.0 small-vehicle 1
266.0 406.0 276.0 407.0 274.0 429.0 263.0 429.0 small-vehicle 1
255.0 405.0 265.0 406.0 264.0 426.0 254.0 425.0 small-vehicle 1
242.0 404.0 253.0 405.0 251.0 426.0 241.0 427.0 small-vehicle 1
231.0 403.0 241.0 404.0 239.0 428.0 230.0 427.0 small-vehicle 1
220.0 405.0 230.0 405.0 230.0 427.0 219.0 426.0 small-vehicle 1
211.0 402.0 219.0 403.0 216.0 425.0 208.0 425.0 small-vehicle 1
199.0 404.0 208.0 404.0 207.0 425.0 198.0 424.0 small-vehicle 1
197.0 401.0 186.0 401.0 188.0 378.0 198.0 378.0 small-vehicle 1
209.0 402.0 199.0 400.0 199.0 379.0 209.0 378.0 small-vehicle 1
220.0 399.0 210.0 401.0 210.0 380.0 221.0 379.0 small-vehicle 1
231.0 401.0 221.0 401.0 222.0 376.0 231.0 376.0 small-vehicle 1
242.0 399.0 232.0 401.0 232.0 378.0 241.0 378.0 small-vehicle 1
252.0 400.0 243.0 401.0 243.0 380.0 253.0 381.0 small-vehicle 1
276.0 403.0 268.0 403.0 267.0 382.0 276.0 383.0 small-vehicle 1
287.0 407.0 277.0 407.0 276.0 379.0 288.0 379.0 small-vehicle 1
297.0 407.0 287.0 407.0 288.0 382.0 299.0 383.0 small-vehicle 1
301.0 350.0 291.0 351.0 291.0 324.0 301.0 325.0 small-vehicle 1
305.0 329.0 314.0 328.0 313.0 348.0 303.0 349.0 small-vehicle 1
365.0 433.0 354.0 434.0 357.0 414.0 366.0 414.0 small-vehicle 1
367.0 411.0 376.0 411.0 375.0 432.0 366.0 432.0 small-vehicle 1
377.0 412.0 387.0 412.0 387.0 432.0 377.0 431.0 small-vehicle 1
388.0 412.0 396.0 412.0 397.0 433.0 389.0 432.0 small-vehicle 1
182.0 1525.0 182.0 1517.0 200.0 1518.0 201.0 1526.0 small-vehicle 1
179.0 1552.0 180.0 1540.0 201.0 1539.0 201.0 1549.0 large-vehicle 1
174.0 1648.0 175.0 1636.0 195.0 1637.0 195.0 1648.0 small-vehicle 1
185.0 1434.0 185.0 1423.0 204.0 1424.0 203.0 1433.0 small-vehicle 0
265.0 1496.0 264.0 1507.0 241.0 1506.0 241.0 1496.0 small-vehicle 0
269.0 1440.0 267.0 1449.0 244.0 1446.0 245.0 1438.0 small-vehicle 0
273.0 1446.0 272.0 1438.0 291.0 1439.0 291.0 1448.0 small-vehicle 0
265.0 1426.0 265.0 1437.0 244.0 1437.0 245.0 1426.0 small-vehicle 1
271.0 1434.0 271.0 1427.0 289.0 1426.0 290.0 1434.0 small-vehicle 1
288.0 1416.0 285.0 1425.0 268.0 1422.0 269.0 1415.0 small-vehicle 1
294.0 1392.0 294.0 1398.0 276.0 1398.0 275.0 1391.0 small-vehicle 1
271.0 1391.0 271.0 1401.0 249.0 1399.0 248.0 1391.0 small-vehicle 0
273.0 1343.0 273.0 1353.0 251.0 1352.0 251.0 1342.0 small-vehicle 0
273.0 1356.0 272.0 1365.0 250.0 1364.0 251.0 1355.0 small-vehicle 0
295.0 1367.0 295.0 1374.0 273.0 1375.0 273.0 1368.0 small-vehicle 0
296.0 1334.0 296.0 1341.0 276.0 1341.0 275.0 1333.0 small-vehicle 0
725.0 1094.0 727.0 1104.0 702.0 1105.0 703.0 1094.0 large-vehicle 0
579.0 1118.0 580.0 1127.0 558.0 1127.0 557.0 1117.0 large-vehicle 0
193.0 989.0 192.0 1000.0 166.0 1000.0 166.0 991.0 large-vehicle 0
304.0 718.0 293.0 718.0 294.0 693.0 306.0 693.0 small-vehicle 0
250.0 665.0 239.0 663.0 240.0 641.0 251.0 641.0 small-vehicle 0
137.0 487.0 148.0 487.0 147.0 510.0 136.0 510.0 small-vehicle 0
126.0 559.0 114.0 559.0 114.0 539.0 124.0 541.0 small-vehicle 0
136.0 563.0 126.0 560.0 126.0 541.0 135.0 541.0 small-vehicle 0
137.0 540.0 147.0 541.0 147.0 562.0 137.0 560.0 small-vehicle 0
187.0 637.0 178.0 637.0 177.0 617.0 185.0 617.0 small-vehicle 0
230.0 640.0 221.0 640.0 220.0 618.0 228.0 618.0 small-vehicle 0
242.0 641.0 231.0 641.0 231.0 617.0 241.0 617.0 small-vehicle 0
252.0 639.0 242.0 639.0 243.0 618.0 254.0 619.0 small-vehicle 0
186.0 1419.0 186.0 1410.0 206.0 1411.0 205.0 1421.0 small-vehicle 0
183.0 1444.0 184.0 1435.0 205.0 1436.0 204.0 1445.0 small-vehicle 0
173.0 1662.0 174.0 1652.0 195.0 1652.0 194.0 1661.0 small-vehicle 1
186.0 1371.0 186.0 1362.0 206.0 1363.0 205.0 1373.0 small-vehicle 0
286.0 1571.0 286.0 1580.0 264.0 1578.0 262.0 1569.0 small-vehicle 0
346.0 1548.0 347.0 1556.0 327.0 1555.0 327.0 1546.0 small-vehicle 0
446.0 1496.0 446.0 1486.0 469.0 1485.0 469.0 1497.0 small-vehicle 1
469.0 1508.0 468.0 1517.0 450.0 1517.0 450.0 1507.0 small-vehicle 1
445.0 1582.0 444.0 1571.0 465.0 1571.0 466.0 1582.0 small-vehicle 1
605.0 1655.0 606.0 1663.0 586.0 1662.0 587.0 1653.0 small-vehicle 1
607.0 1639.0 607.0 1649.0 587.0 1647.0 587.0 1639.0 small-vehicle 1
609.0 1624.0 609.0 1635.0 588.0 1633.0 588.0 1622.0 small-vehicle 1
611.0 1601.0 611.0 1610.0 590.0 1610.0 590.0 1600.0 small-vehicle 1
462.0 1593.0 462.0 1605.0 443.0 1604.0 444.0 1594.0 small-vehicle 1
463.0 1629.0 463.0 1637.0 444.0 1634.0 444.0 1627.0 small-vehicle 1
345.0 1589.0 345.0 1598.0 321.0 1596.0 321.0 1585.0 small-vehicle 1
342.0 1660.0 342.0 1672.0 321.0 1669.0 321.0 1657.0 small-vehicle 1
345.0 1627.0 342.0 1638.0 318.0 1635.0 319.0 1625.0 small-vehicle 0
347.0 1512.0 347.0 1521.0 327.0 1521.0 327.0 1512.0 small-vehicle 0
347.0 1524.0 346.0 1533.0 326.0 1532.0 326.0 1524.0 small-vehicle 0
614.0 1576.0 612.0 1586.0 591.0 1584.0 592.0 1575.0 small-vehicle 0
614.0 1563.0 613.0 1574.0 591.0 1572.0 590.0 1561.0 small-vehicle 0
613.0 1541.0 613.0 1552.0 591.0 1549.0 592.0 1538.0 small-vehicle 0
616.0 1516.0 614.0 1527.0 592.0 1526.0 591.0 1516.0 small-vehicle 0
620.0 1425.0 619.0 1435.0 597.0 1435.0 596.0 1425.0 small-vehicle 0
620.0 1413.0 621.0 1422.0 602.0 1421.0 602.0 1414.0 small-vehicle 0
454.0 1383.0 452.0 1376.0 472.0 1375.0 474.0 1384.0 small-vehicle 0
473.0 1434.0 472.0 1444.0 451.0 1439.0 451.0 1430.0 small-vehicle 0
348.0 1452.0 348.0 1463.0 326.0 1463.0 327.0 1453.0 small-vehicle 0
295.0 645.0 285.0 645.0 283.0 622.0 294.0 623.0 small-vehicle 0
316.0 646.0 305.0 645.0 306.0 625.0 316.0 625.0 small-vehicle 0
326.0 623.0 335.0 624.0 337.0 647.0 327.0 646.0 small-vehicle 1
357.0 649.0 348.0 648.0 346.0 626.0 356.0 625.0 small-vehicle 0
349.0 330.0 360.0 330.0 358.0 351.0 349.0 351.0 small-vehicle 0
316.0 330.0 325.0 330.0 323.0 350.0 313.0 349.0 small-vehicle 0
201.0 324.0 209.0 325.0 208.0 344.0 200.0 342.0 small-vehicle 0
213.0 325.0 222.0 325.0 221.0 345.0 213.0 346.0 small-vehicle 0
269.0 347.0 259.0 348.0 259.0 326.0 268.0 326.0 small-vehicle 0
279.0 346.0 271.0 347.0 271.0 328.0 279.0 327.0 small-vehicle 0
280.0 327.0 289.0 326.0 288.0 342.0 281.0 342.0 small-vehicle 0
185.0 1359.0 186.0 1349.0 206.0 1351.0 205.0 1361.0 small-vehicle 1
276.0 1328.0 275.0 1318.0 292.0 1319.0 292.0 1329.0 small-vehicle 1
355.0 1358.0 355.0 1367.0 333.0 1368.0 332.0 1358.0 small-vehicle 1
351.0 1405.0 351.0 1415.0 331.0 1415.0 331.0 1404.0 small-vehicle 1
346.0 1558.0 345.0 1567.0 324.0 1566.0 324.0 1557.0 small-vehicle 1
281.0 1651.0 279.0 1661.0 261.0 1661.0 260.0 1651.0 small-vehicle 1
258.0 1640.0 258.0 1650.0 238.0 1651.0 236.0 1639.0 small-vehicle 1
257.0 1652.0 257.0 1662.0 236.0 1661.0 236.0 1651.0 small-vehicle 1
284.0 1581.0 282.0 1592.0 261.0 1590.0 262.0 1579.0 small-vehicle 1
262.0 1546.0 260.0 1556.0 240.0 1556.0 241.0 1545.0 small-vehicle 1
241.0 1565.0 241.0 1554.0 262.0 1556.0 261.0 1567.0 large-vehicle 1
266.0 1543.0 266.0 1531.0 286.0 1533.0 286.0 1545.0 small-vehicle 1
262.0 1532.0 261.0 1543.0 243.0 1543.0 243.0 1532.0 small-vehicle 1
261.0 1626.0 261.0 1615.0 279.0 1615.0 280.0 1627.0 small-vehicle 1
259.0 1603.0 260.0 1592.0 282.0 1593.0 281.0 1602.0 small-vehicle 1
261.0 1580.0 259.0 1591.0 238.0 1589.0 237.0 1578.0 small-vehicle 1
171.0 1690.0 173.0 1679.0 196.0 1682.0 195.0 1692.0 small-vehicle 1
175.0 1672.0 176.0 1662.0 194.0 1662.0 194.0 1672.0 small-vehicle 1
361.0 330.0 368.0 330.0 368.0 350.0 359.0 349.0 small-vehicle 0
381.0 332.0 391.0 332.0 391.0 352.0 381.0 351.0 small-vehicle 0
402.0 353.0 392.0 353.0 392.0 331.0 402.0 331.0 small-vehicle 0
229.0 487.0 239.0 487.0 239.0 506.0 229.0 505.0 small-vehicle 0
376.0 629.0 386.0 629.0 388.0 652.0 377.0 652.0 small-vehicle 0
367.0 630.0 379.0 632.0 376.0 650.0 367.0 650.0 small-vehicle 0
335.0 575.0 348.0 575.0 346.0 595.0 335.0 596.0 small-vehicle 0
248.0 563.0 237.0 564.0 236.0 542.0 246.0 542.0 small-vehicle 0
271.0 544.0 281.0 545.0 278.0 566.0 270.0 566.0 small-vehicle 0
304.0 566.0 293.0 567.0 293.0 546.0 303.0 548.0 small-vehicle 0
316.0 570.0 304.0 568.0 305.0 548.0 316.0 550.0 small-vehicle 0
317.0 546.0 327.0 546.0 325.0 570.0 316.0 569.0 small-vehicle 0
329.0 487.0 340.0 487.0 338.0 512.0 329.0 510.0 small-vehicle 0
205.0 486.0 215.0 486.0 215.0 504.0 205.0 505.0 small-vehicle 0
217.0 486.0 230.0 486.0 226.0 506.0 218.0 506.0 small-vehicle 0
261.0 487.0 273.0 488.0 271.0 510.0 261.0 510.0 small-vehicle 0
387.0 410.0 378.0 410.0 379.0 389.0 387.0 388.0 small-vehicle 0
307.0 488.0 316.0 488.0 316.0 510.0 306.0 510.0 small-vehicle 0
308.0 483.0 297.0 482.0 297.0 462.0 307.0 462.0 small-vehicle 0
318.0 484.0 306.0 485.0 307.0 463.0 319.0 463.0 small-vehicle 0
330.0 487.0 319.0 486.0 318.0 466.0 330.0 466.0 small-vehicle 0
332.0 463.0 342.0 463.0 341.0 485.0 331.0 485.0 small-vehicle 0
350.0 485.0 342.0 485.0 342.0 466.0 352.0 466.0 small-vehicle 0
185.0 403.0 195.0 404.0 195.0 427.0 183.0 428.0 small-vehicle 0
322.0 406.0 314.0 407.0 313.0 384.0 322.0 385.0 small-vehicle 0
324.0 387.0 333.0 388.0 333.0 408.0 324.0 408.0 small-vehicle 0
345.0 408.0 335.0 409.0 334.0 388.0 344.0 388.0 small-vehicle 0
356.0 409.0 346.0 409.0 346.0 387.0 356.0 388.0 small-vehicle 0
2421.0 4186.0 2411.0 4187.0 2410.0 4162.0 2420.0 4162.0 small-vehicle 0
2578.0 4298.0 2576.0 4288.0 2599.0 4287.0 2599.0 4297.0 small-vehicle 0
3284.0 3793.0 3282.0 3782.0 3304.0 3779.0 3306.0 3790.0 small-vehicle 0
3758.0 3753.0 3760.0 3743.0 3781.0 3747.0 3779.0 3757.0 small-vehicle 1
4264.0 3819.0 4254.0 3821.0 4249.0 3795.0 4259.0 3793.0 small-vehicle 1
4610.0 3838.0 4615.0 3843.0 4602.0 3858.0 4594.0 3853.0 small-vehicle 1
4405.0 4361.0 4410.0 4366.0 4396.0 4380.0 4390.0 4374.0 small-vehicle 1
4436.0 4282.0 4444.0 4291.0 4421.0 4312.0 4410.0 4301.0 large-vehicle 1
4627.0 4110.0 4631.0 4116.0 4614.0 4130.0 4609.0 4124.0 small-vehicle 1
4202.0 4238.0 4209.0 4244.0 4194.0 4257.0 4187.0 4251.0 small-vehicle 1
4341.0 4387.0 4347.0 4393.0 4331.0 4409.0 4323.0 4402.0 small-vehicle 1
4431.0 4306.0 4438.0 4313.0 4424.0 4323.0 4419.0 4317.0 small-vehicle 1
4375.0 3721.0 4376.0 3729.0 4354.0 3733.0 4353.0 3724.0 small-vehicle 1
4023.0 3766.0 4022.0 3758.0 4044.0 3758.0 4044.0 3766.0 small-vehicle 1
4022.0 3782.0 4020.0 3772.0 4043.0 3772.0 4041.0 3779.0 small-vehicle 1
3654.0 3963.0 3654.0 3952.0 3677.0 3953.0 3679.0 3962.0 small-vehicle 1
3676.0 3962.0 3676.0 3952.0 3697.0 3952.0 3698.0 3962.0 small-vehicle 1
3602.0 4047.0 3601.0 4056.0 3575.0 4058.0 3575.0 4046.0 small-vehicle 1
3215.0 3756.0 3215.0 3747.0 3236.0 3747.0 3235.0 3757.0 small-vehicle 1
3414.0 3770.0 3415.0 3782.0 3391.0 3783.0 3391.0 3773.0 small-vehicle 1
3149.0 3928.0 3139.0 3926.0 3142.0 3902.0 3152.0 3904.0 small-vehicle 0
3389.0 4046.0 3389.0 4036.0 3414.0 4036.0 3413.0 4047.0 small-vehicle 0
3415.0 4065.0 3419.0 4074.0 3402.0 4083.0 3397.0 4075.0 small-vehicle 0
2584.0 4204.0 2585.0 4193.0 2609.0 4196.0 2607.0 4204.0 small-vehicle 0
2870.0 4119.0 2871.0 4109.0 2897.0 4110.0 2896.0 4120.0 small-vehicle 0
2792.0 4119.0 2792.0 4108.0 2813.0 4111.0 2811.0 4119.0 small-vehicle 0
1942.0 4292.0 1942.0 4283.0 1960.0 4285.0 1959.0 4294.0 small-vehicle 1
1962.0 4295.0 1961.0 4306.0 1941.0 4304.0 1942.0 4294.0 small-vehicle 1
1777.0 4203.0 1780.0 4193.0 1800.0 4202.0 1795.0 4210.0 small-vehicle 1
3829.0 3951.0 3831.0 3959.0 3807.0 3961.0 3807.0 3949.0 small-vehicle 1
4531.0 3625.0 4538.0 3617.0 4556.0 3637.0 4550.0 3641.0 small-vehicle 1
1322.0 4205.0 1328.0 4205.0 1331.0 4222.0 1323.0 4223.0 small-vehicle 1
4660.0 3464.0 4665.0 3472.0 4651.0 3482.0 4644.0 3475.0 small-vehicle 1
1004.0 315.0 1004.0 325.0 981.0 323.0 983.0 315.0 small-vehicle 1
957.0 175.0 960.0 168.0 979.0 171.0 976.0 181.0 small-vehicle 1
1213.0 163.0 1203.0 162.0 1205.0 142.0 1213.0 142.0 small-vehicle 1
1265.0 182.0 1253.0 180.0 1255.0 154.0 1265.0 155.0 small-vehicle 1
1399.0 168.0 1405.0 164.0 1414.0 181.0 1407.0 185.0 small-vehicle 1
1414.0 115.0 1420.0 123.0 1404.0 135.0 1398.0 126.0 small-vehicle 1
1439.0 181.0 1433.0 173.0 1446.0 162.0 1453.0 168.0 small-vehicle 1
1465.0 172.0 1467.0 182.0 1445.0 188.0 1442.0 178.0 small-vehicle 1
1667.0 252.0 1675.0 246.0 1687.0 264.0 1681.0 271.0 small-vehicle 1
1996.0 72.0 2004.0 72.0 2003.0 93.0 1993.0 93.0 small-vehicle 0
2169.0 184.0 2159.0 185.0 2157.0 163.0 2166.0 163.0 small-vehicle 1
2311.0 192.0 2302.0 190.0 2304.0 171.0 2313.0 171.0 small-vehicle 1
2346.0 110.0 2345.0 121.0 2327.0 119.0 2328.0 109.0 small-vehicle 1
2582.0 173.0 2588.0 162.0 2605.0 172.0 2598.0 183.0 small-vehicle 1
3286.0 128.0 3278.0 119.0 3292.0 102.0 3302.0 108.0 small-vehicle 1
3230.0 177.0 3235.0 184.0 3220.0 198.0 3215.0 190.0 small-vehicle 1
3701.0 306.0 3711.0 315.0 3694.0 336.0 3686.0 328.0 small-vehicle 1
4979.0 994.0 4973.0 984.0 4997.0 977.0 5001.0 987.0 small-vehicle 1
5002.0 1004.0 5003.0 1016.0 4982.0 1018.0 4979.0 1008.0 small-vehicle 1
4983.0 1135.0 4991.0 1133.0 4997.0 1155.0 4987.0 1159.0 small-vehicle 1
4916.0 1877.0 4916.0 1886.0 4894.0 1885.0 4893.0 1876.0 small-vehicle 1
4868.0 3292.0 4876.0 3298.0 4862.0 3316.0 4854.0 3310.0 small-vehicle 1
4763.0 3342.0 4759.0 3352.0 4737.0 3346.0 4741.0 3335.0 small-vehicle 1
4664.0 3508.0 4659.0 3517.0 4640.0 3511.0 4645.0 3501.0 small-vehicle 1
4683.0 3478.0 4688.0 3483.0 4677.0 3496.0 4671.0 3490.0 small-vehicle 1
924.0 4147.0 936.0 4148.0 934.0 4174.0 923.0 4174.0 small-vehicle 0
1304.0 4193.0 1314.0 4193.0 1315.0 4220.0 1305.0 4220.0 small-vehicle 1
157.0 342.0 146.0 342.0 148.0 321.0 158.0 322.0 small-vehicle 1
746.0 922.0 747.0 932.0 725.0 930.0 726.0 922.0 small-vehicle 1
596.0 1099.0 595.0 1109.0 575.0 1108.0 575.0 1098.0 small-vehicle 1
582.0 1085.0 582.0 1093.0 564.0 1093.0 565.0 1084.0 small-vehicle 1
613.0 1088.0 613.0 1098.0 591.0 1096.0 592.0 1087.0 small-vehicle 1
386.0 1034.0 387.0 1044.0 365.0 1044.0 365.0 1033.0 small-vehicle 1
332.0 902.0 331.0 913.0 310.0 914.0 310.0 902.0 small-vehicle 1
326.0 919.0 326.0 927.0 304.0 928.0 305.0 919.0 small-vehicle 1
459.0 669.0 459.0 678.0 435.0 677.0 436.0 668.0 small-vehicle 1
440.0 667.0 440.0 657.0 459.0 657.0 459.0 668.0 small-vehicle 1
379.0 653.0 387.0 654.0 386.0 670.0 378.0 672.0 small-vehicle 1
338.0 648.0 347.0 648.0 347.0 669.0 338.0 670.0 small-vehicle 1
742.0 620.0 742.0 611.0 767.0 612.0 765.0 621.0 small-vehicle 0
738.0 673.0 737.0 663.0 758.0 663.0 759.0 673.0 small-vehicle 0
745.0 636.0 745.0 627.0 763.0 628.0 763.0 638.0 small-vehicle 1
662.0 500.0 671.0 500.0 672.0 522.0 661.0 522.0 small-vehicle 1
701.0 340.0 711.0 341.0 710.0 361.0 701.0 360.0 small-vehicle 1
704.0 317.0 711.0 317.0 711.0 336.0 703.0 336.0 small-vehicle 0
353.0 489.0 363.0 489.0 363.0 510.0 353.0 511.0 small-vehicle 1
444.0 386.0 444.0 376.0 467.0 377.0 467.0 387.0 small-vehicle 1
296.0 242.0 308.0 242.0 308.0 271.0 296.0 271.0 small-vehicle 1
240.0 458.0 249.0 459.0 249.0 481.0 240.0 480.0 small-vehicle 0
129.0 382.0 139.0 383.0 139.0 406.0 129.0 406.0 small-vehicle 1
139.0 240.0 130.0 240.0 131.0 218.0 141.0 219.0 small-vehicle 1
347.0 351.0 336.0 350.0 337.0 329.0 346.0 329.0 small-vehicle 1
150.0 407.0 141.0 405.0 141.0 384.0 149.0 383.0 small-vehicle 1
162.0 405.0 152.0 405.0 150.0 385.0 160.0 384.0 small-vehicle 1
605.0 997.0 603.0 1007.0 585.0 1006.0 585.0 996.0 small-vehicle 1
723.0 921.0 723.0 929.0 702.0 929.0 702.0 921.0 small-vehicle 0
365.0 4259.0 364.0 4268.0 342.0 4262.0 344.0 4253.0 small-vehicle 1
650.0 821.0 642.0 821.0 643.0 801.0 652.0 801.0 small-vehicle 1
196.0 4276.0 200.0 4267.0 218.0 4276.0 215.0 4286.0 small-vehicle 1
126.0 3280.0 125.0 3269.0 148.0 3270.0 147.0 3281.0 small-vehicle 1
149.0 3222.0 148.0 3234.0 128.0 3231.0 128.0 3220.0 small-vehicle 1
226.0 2989.0 227.0 2978.0 247.0 2981.0 247.0 2991.0 small-vehicle 1
132.0 2760.0 124.0 2763.0 112.0 2742.0 121.0 2738.0 small-vehicle 1
164.0 2745.0 173.0 2741.0 182.0 2762.0 174.0 2766.0 small-vehicle 1
179.0 2747.0 185.0 2744.0 197.0 2762.0 187.0 2768.0 small-vehicle 1
369.0 1783.0 378.0 1783.0 377.0 1805.0 367.0 1805.0 small-vehicle 0
86.0 2006.0 85.0 1997.0 103.0 1996.0 104.0 2006.0 small-vehicle 1
176.0 1948.0 175.0 1959.0 154.0 1956.0 153.0 1946.0 small-vehicle 1
225.0 1940.0 225.0 1951.0 205.0 1950.0 205.0 1939.0 small-vehicle 1
225.0 1928.0 225.0 1936.0 206.0 1936.0 207.0 1928.0 small-vehicle 1
227.0 1915.0 226.0 1926.0 205.0 1926.0 206.0 1915.0 small-vehicle 1
612.0 1809.0 602.0 1808.0 602.0 1791.0 610.0 1790.0 small-vehicle 1
576.0 1788.0 585.0 1788.0 585.0 1808.0 575.0 1808.0 small-vehicle 1
636.0 1812.0 626.0 1813.0 625.0 1794.0 633.0 1793.0 small-vehicle 1
648.0 1813.0 638.0 1813.0 637.0 1793.0 646.0 1792.0 small-vehicle 1
662.0 1814.0 651.0 1814.0 651.0 1793.0 661.0 1793.0 small-vehicle 1
418.0 1786.0 425.0 1787.0 424.0 1809.0 416.0 1810.0 small-vehicle 1
366.0 1834.0 376.0 1835.0 372.0 1859.0 362.0 1857.0 small-vehicle 1
207.0 1139.0 209.0 1129.0 234.0 1132.0 234.0 1141.0 small-vehicle 1
275.0 1015.0 274.0 1025.0 255.0 1022.0 256.0 1013.0 small-vehicle 1
734.0 938.0 733.0 949.0 713.0 948.0 714.0 937.0 small-vehicle 1
615.0 691.0 617.0 700.0 599.0 704.0 598.0 694.0 small-vehicle 1
618.0 667.0 619.0 676.0 600.0 678.0 601.0 668.0 small-vehicle 1
1111.0 381.0 1110.0 390.0 1091.0 390.0 1089.0 379.0 small-vehicle 1
1000.0 411.0 998.0 422.0 973.0 421.0 974.0 411.0 small-vehicle 1
694.0 156.0 685.0 156.0 685.0 132.0 694.0 133.0 small-vehicle 1
3215.0 2143.0 3205.0 2145.0 3199.0 2125.0 3210.0 2123.0 small-vehicle 0
3174.0 2012.0 3182.0 2020.0 3165.0 2042.0 3155.0 2034.0 large-vehicle 0
3095.0 1960.0 3087.0 1960.0 3084.0 1936.0 3094.0 1936.0 small-vehicle 1
3175.0 1903.0 3182.0 1904.0 3176.0 1927.0 3167.0 1924.0 small-vehicle 1
3159.0 1886.0 3167.0 1887.0 3166.0 1909.0 3155.0 1909.0 small-vehicle 1
2792.0 1758.0 2802.0 1757.0 2801.0 1781.0 2792.0 1782.0 small-vehicle 1
2742.0 1753.0 2750.0 1754.0 2749.0 1777.0 2740.0 1777.0 small-vehicle 0
2082.0 1371.0 2072.0 1372.0 2072.0 1350.0 2082.0 1350.0 small-vehicle 0
1646.0 1231.0 1657.0 1231.0 1654.0 1256.0 1643.0 1255.0 small-vehicle 0
2108.0 1240.0 2109.0 1230.0 2137.0 1233.0 2136.0 1244.0 small-vehicle 0
2210.0 788.0 2198.0 784.0 2208.0 758.0 2218.0 763.0 small-vehicle 1
1972.0 620.0 1979.0 627.0 1969.0 640.0 1962.0 635.0 small-vehicle 1
1999.0 681.0 2008.0 679.0 2007.0 700.0 1998.0 701.0 small-vehicle 1
2010.0 672.0 1999.0 673.0 2000.0 650.0 2010.0 649.0 small-vehicle 1
2277.0 444.0 2286.0 445.0 2284.0 467.0 2273.0 465.0 small-vehicle 1
1999.0 520.0 2007.0 522.0 2004.0 538.0 1994.0 536.0 small-vehicle 1
1806.0 546.0 1796.0 542.0 1809.0 525.0 1817.0 530.0 small-vehicle 0
1820.0 660.0 1820.0 667.0 1801.0 664.0 1803.0 656.0 small-vehicle 0
1819.0 672.0 1818.0 680.0 1795.0 676.0 1795.0 667.0 small-vehicle 1
1788.0 690.0 1789.0 680.0 1815.0 682.0 1815.0 692.0 small-vehicle 1
1792.0 714.0 1792.0 704.0 1816.0 704.0 1815.0 716.0 small-vehicle 0
1740.0 714.0 1749.0 714.0 1748.0 736.0 1739.0 735.0 small-vehicle 0
1852.0 943.0 1862.0 944.0 1861.0 971.0 1850.0 970.0 small-vehicle 1
1252.0 907.0 1252.0 916.0 1230.0 913.0 1231.0 904.0 small-vehicle 1
1923.0 984.0 1931.0 977.0 1943.0 1000.0 1934.0 1006.0 small-vehicle 1
1760.0 1023.0 1760.0 1012.0 1780.0 1013.0 1779.0 1023.0 small-vehicle 0
3255.0 2076.0 3249.0 2085.0 3228.0 2067.0 3232.0 2058.0 small-vehicle 0
3208.0 2121.0 3199.0 2123.0 3198.0 2099.0 3205.0 2099.0 small-vehicle 0
686.0 110.0 695.0 112.0 694.0 132.0 685.0 133.0 small-vehicle 1
3365.0 2012.0 3374.0 2016.0 3361.0 2041.0 3352.0 2035.0 small-vehicle 0
454.0 1409.0 454.0 1399.0 477.0 1398.0 476.0 1408.0 small-vehicle 0
347.0 412.0 354.0 412.0 354.0 430.0 345.0 430.0 small-vehicle 1
273.0 481.0 264.0 481.0 263.0 461.0 272.0 461.0 small-vehicle 0
1395.0 1668.0 1397.0 1657.0 1419.0 1660.0 1418.0 1670.0 small-vehicle 1
118.0 4214.0 124.0 4205.0 139.0 4218.0 134.0 4227.0 small-vehicle 1
2948.0 1811.0 2937.0 1810.0 2939.0 1788.0 2948.0 1788.0 small-vehicle 1
2459.0 1764.0 2465.0 1762.0 2468.0 1783.0 2459.0 1783.0 small-vehicle 1
2525.0 1652.0 2514.0 1651.0 2515.0 1628.0 2526.0 1628.0 small-vehicle 1
2512.0 1646.0 2504.0 1645.0 2505.0 1626.0 2513.0 1626.0 small-vehicle 1
2497.0 1650.0 2485.0 1649.0 2489.0 1624.0 2498.0 1625.0 small-vehicle 1
2509.0 1229.0 2500.0 1229.0 2504.0 1207.0 2512.0 1207.0 small-vehicle 1
2569.0 584.0 2574.0 572.0 2601.0 582.0 2596.0 594.0 small-vehicle 1
2430.0 964.0 2429.0 951.0 2454.0 948.0 2457.0 958.0 small-vehicle 1
2741.0 1006.0 2751.0 1006.0 2748.0 1029.0 2739.0 1026.0 small-vehicle 1
2918.0 1026.0 2929.0 1028.0 2924.0 1051.0 2914.0 1049.0 small-vehicle 1
2892.0 1045.0 2884.0 1043.0 2886.0 1023.0 2895.0 1024.0 small-vehicle 1
2687.0 958.0 2685.0 968.0 2666.0 963.0 2666.0 954.0 small-vehicle 1
2782.0 975.0 2780.0 983.0 2761.0 978.0 2762.0 971.0 small-vehicle 1
3063.0 1339.0 3061.0 1350.0 3042.0 1349.0 3043.0 1338.0 small-vehicle 1
3124.0 1394.0 3124.0 1405.0 3103.0 1402.0 3103.0 1392.0 small-vehicle 1
3249.0 1439.0 3248.0 1449.0 3224.0 1447.0 3224.0 1437.0 small-vehicle 1
3326.0 1602.0 3325.0 1615.0 3298.0 1614.0 3300.0 1602.0 small-vehicle 1
3416.0 1821.0 3418.0 1811.0 3443.0 1812.0 3442.0 1825.0 small-vehicle 1
3420.0 1898.0 3420.0 1889.0 3439.0 1891.0 3438.0 1901.0 small-vehicle 1
3415.0 1912.0 3414.0 1903.0 3437.0 1903.0 3437.0 1911.0 small-vehicle 0
1716.0 1024.0 1725.0 1024.0 1725.0 1048.0 1716.0 1048.0 small-vehicle 1
1718.0 1067.0 1728.0 1068.0 1728.0 1088.0 1718.0 1087.0 small-vehicle 1
1546.0 1269.0 1548.0 1259.0 1569.0 1260.0 1568.0 1271.0 small-vehicle 1
1481.0 1451.0 1491.0 1452.0 1489.0 1472.0 1480.0 1471.0 small-vehicle 1
999.0 1632.0 1009.0 1632.0 1011.0 1653.0 1001.0 1655.0 small-vehicle 1
974.0 1925.0 975.0 1937.0 951.0 1935.0 951.0 1925.0 small-vehicle 1
1068.0 1728.0 1068.0 1719.0 1090.0 1719.0 1090.0 1729.0 small-vehicle 1
979.0 1773.0 978.0 1783.0 955.0 1782.0 956.0 1773.0 small-vehicle 1
999.0 1902.0 988.0 1900.0 990.0 1876.0 1000.0 1876.0 small-vehicle 1
583.0 1172.0 590.0 1176.0 581.0 1192.0 574.0 1190.0 small-vehicle 1
935.0 1190.0 945.0 1191.0 944.0 1211.0 935.0 1210.0 small-vehicle 1
1005.0 1333.0 1005.0 1342.0 979.0 1343.0 980.0 1331.0 small-vehicle 1
1394.0 1188.0 1404.0 1190.0 1402.0 1215.0 1393.0 1215.0 small-vehicle 1
1248.0 1208.0 1255.0 1209.0 1256.0 1229.0 1247.0 1229.0 small-vehicle 1
1022.0 1032.0 1015.0 1035.0 1011.0 1019.0 1018.0 1017.0 small-vehicle 1
1424.0 799.0 1425.0 811.0 1404.0 810.0 1404.0 798.0 small-vehicle 1
1381.0 918.0 1388.0 924.0 1376.0 940.0 1367.0 932.0 small-vehicle 1
1424.0 899.0 1419.0 907.0 1400.0 896.0 1404.0 886.0 small-vehicle 1
987.0 815.0 988.0 824.0 966.0 822.0 966.0 815.0 small-vehicle 1
992.0 785.0 991.0 796.0 964.0 793.0 965.0 783.0 small-vehicle 1
982.0 770.0 982.0 780.0 953.0 779.0 955.0 769.0 small-vehicle 1
1058.0 764.0 1058.0 754.0 1082.0 753.0 1083.0 765.0 small-vehicle 1
1048.0 733.0 1060.0 738.0 1053.0 761.0 1041.0 757.0 small-vehicle 1
1093.0 637.0 1095.0 645.0 1075.0 646.0 1074.0 636.0 small-vehicle 1
1365.0 538.0 1374.0 536.0 1375.0 559.0 1367.0 559.0 small-vehicle 1
945.0 567.0 945.0 556.0 964.0 557.0 964.0 567.0 small-vehicle 1
1062.0 554.0 1050.0 554.0 1050.0 527.0 1060.0 527.0 small-vehicle 1
718.0 102.0 727.0 103.0 723.0 126.0 716.0 125.0 small-vehicle 1
695.0 111.0 684.0 111.0 686.0 87.0 696.0 87.0 small-vehicle 1
1143.0 1645.0 1144.0 1656.0 1120.0 1655.0 1120.0 1645.0 small-vehicle 0
1105.0 1566.0 1105.0 1576.0 1082.0 1575.0 1084.0 1566.0 small-vehicle 0
1051.0 1515.0 1060.0 1518.0 1058.0 1539.0 1048.0 1539.0 small-vehicle 1
1469.0 1686.0 1458.0 1685.0 1460.0 1661.0 1469.0 1662.0 small-vehicle 0
1468.0 1453.0 1480.0 1454.0 1477.0 1477.0 1466.0 1476.0 small-vehicle 1
1945.0 1521.0 1945.0 1511.0 1965.0 1512.0 1965.0 1521.0 small-vehicle 0
1922.0 1521.0 1923.0 1510.0 1941.0 1511.0 1941.0 1521.0 small-vehicle 0
1964.0 1329.0 1965.0 1338.0 1945.0 1338.0 1944.0 1330.0 small-vehicle 0
1876.0 1354.0 1884.0 1353.0 1884.0 1376.0 1876.0 1376.0 small-vehicle 0
1876.0 1396.0 1885.0 1396.0 1886.0 1419.0 1876.0 1418.0 small-vehicle 0
1810.0 1465.0 1810.0 1472.0 1786.0 1471.0 1786.0 1463.0 small-vehicle 0
1827.0 1571.0 1819.0 1571.0 1821.0 1547.0 1829.0 1548.0 small-vehicle 0
1898.0 1738.0 1898.0 1748.0 1878.0 1747.0 1879.0 1738.0 small-vehicle 0
1798.0 1641.0 1798.0 1651.0 1780.0 1649.0 1780.0 1642.0 small-vehicle 0
1801.0 1656.0 1801.0 1667.0 1778.0 1664.0 1779.0 1654.0 small-vehicle 0
1819.0 1988.0 1810.0 1989.0 1803.0 1969.0 1812.0 1967.0 small-vehicle 0
581.0 1477.0 571.0 1476.0 571.0 1450.0 581.0 1450.0 small-vehicle 1
1820.0 1943.0 1821.0 1954.0 1796.0 1956.0 1796.0 1945.0 small-vehicle 0
1408.0 1994.0 1396.0 1995.0 1396.0 1968.0 1408.0 1968.0 small-vehicle 0
1405.0 2052.0 1395.0 2054.0 1391.0 2034.0 1400.0 2032.0 small-vehicle 0
1128.0 2314.0 1136.0 2313.0 1139.0 2328.0 1131.0 2329.0 small-vehicle 0
1142.0 2297.0 1151.0 2297.0 1153.0 2320.0 1144.0 2322.0 small-vehicle 0
1066.0 2282.0 1075.0 2283.0 1074.0 2306.0 1066.0 2307.0 small-vehicle 0
833.0 2294.0 835.0 2302.0 811.0 2302.0 811.0 2294.0 small-vehicle 0
818.0 2281.0 816.0 2291.0 798.0 2288.0 799.0 2279.0 small-vehicle 0
839.0 2282.0 838.0 2293.0 818.0 2291.0 817.0 2282.0 small-vehicle 0
823.0 2139.0 830.0 2137.0 830.0 2158.0 822.0 2159.0 small-vehicle 0
922.0 2044.0 922.0 2053.0 898.0 2053.0 899.0 2044.0 small-vehicle 1
136.0 342.0 126.0 343.0 126.0 322.0 136.0 323.0 small-vehicle 1
130.0 462.0 137.0 463.0 137.0 482.0 129.0 482.0 small-vehicle 1
4011.0 3734.0 4012.0 3745.0 3990.0 3744.0 3989.0 3733.0 small-vehicle 0
3748.0 3459.0 3741.0 3459.0 3742.0 3447.0 3749.0 3447.0 ship 1
3894.0 3313.0 3917.0 3313.0 3917.0 3387.0 3895.0 3387.0 harbor 0
3805.0 3345.0 3828.0 3345.0 3830.0 3441.0 3809.0 3441.0 harbor 0
3749.0 3343.0 3774.0 3343.0 3774.0 3443.0 3752.0 3444.0 harbor 0
3696.0 3337.0 3722.0 3335.0 3729.0 3437.0 3701.0 3438.0 harbor 0
3594.0 3362.0 3616.0 3361.0 3620.0 3439.0 3602.0 3440.0 harbor 0
3487.0 3335.0 3506.0 3336.0 3505.0 3435.0 3488.0 3436.0 harbor 0
3454.0 3335.0 3482.0 3336.0 3478.0 3434.0 3452.0 3435.0 harbor 0
3390.0 3328.0 3413.0 3328.0 3411.0 3437.0 3392.0 3437.0 harbor 0
3574.0 3465.0 3574.0 3471.0 3556.0 3468.0 3558.0 3461.0 ship 0
3398.0 3382.0 3405.0 3381.0 3405.0 3397.0 3399.0 3398.0 ship 0
3201.0 3450.0 3212.0 3450.0 3213.0 3480.0 3203.0 3481.0 ship 1
3052.0 3526.0 3046.0 3529.0 3042.0 3518.0 3048.0 3515.0 ship 1
3063.0 3537.0 3072.0 3536.0 3074.0 3552.0 3064.0 3552.0 ship 1
3318.0 3352.0 3337.0 3351.0 3342.0 3439.0 3326.0 3440.0 harbor 0
3251.0 3389.0 3265.0 3386.0 3277.0 3434.0 3262.0 3442.0 harbor 0
3209.0 3402.0 3233.0 3402.0 3233.0 3477.0 3213.0 3480.0 harbor 0
3164.0 3403.0 3182.0 3403.0 3180.0 3502.0 3163.0 3503.0 harbor 0
3029.0 3431.0 3058.0 3430.0 3059.0 3544.0 3033.0 3545.0 harbor 0
2566.0 3714.0 2592.0 3707.0 2606.0 3760.0 2583.0 3769.0 harbor 0
2877.0 3558.0 2894.0 3547.0 2938.0 3627.0 2921.0 3639.0 harbor 0
2744.0 3603.0 2775.0 3603.0 2776.0 3710.0 2748.0 3712.0 harbor 0
2677.0 3637.0 2704.0 3632.0 2721.0 3721.0 2698.0 3728.0 harbor 0
2479.0 3716.0 2503.0 3711.0 2517.0 3818.0 2495.0 3823.0 harbor 0
1626.0 3849.0 1617.0 3849.0 1617.0 3837.0 1627.0 3836.0 ship 1
1677.0 3884.0 1686.0 3892.0 1671.0 3908.0 1662.0 3896.0 ship 1
3576.0 3454.0 3577.0 3464.0 3568.0 3464.0 3565.0 3457.0 ship 1
3834.0 3456.0 3827.0 3456.0 3826.0 3442.0 3833.0 3442.0 ship 1
2411.0 3707.0 2441.0 3709.0 2439.0 3813.0 2409.0 3814.0 harbor 0
3756.0 3352.0 3765.0 3353.0 3765.0 3366.0 3756.0 3366.0 ship 1
4612.0 2853.0 4613.0 2834.0 4681.0 2836.0 4682.0 2855.0 harbor 0
4558.0 2931.0 4560.0 2902.0 4670.0 2906.0 4667.0 2937.0 harbor 0
4559.0 2993.0 4560.0 2967.0 4637.0 2977.0 4635.0 3002.0 harbor 0
4547.0 3041.0 4550.0 3018.0 4616.0 3029.0 4613.0 3053.0 harbor 0
4441.0 3268.0 4445.0 3244.0 4511.0 3258.0 4505.0 3282.0 harbor 0
4414.0 3311.0 4428.0 3312.0 4421.0 3343.0 4409.0 3342.0 ship 1
4421.0 3342.0 4426.0 3317.0 4484.0 3330.0 4481.0 3352.0 harbor 0
4410.0 3406.0 4420.0 3386.0 4471.0 3412.0 4459.0 3432.0 harbor 0
4363.0 3442.0 4374.0 3428.0 4426.0 3469.0 4418.0 3481.0 harbor 0
4314.0 3480.0 4334.0 3467.0 4376.0 3530.0 4355.0 3544.0 harbor 0
4258.0 3480.0 4286.0 3481.0 4286.0 3561.0 4259.0 3562.0 harbor 0
4151.0 3432.0 4164.0 3430.0 4172.0 3547.0 4155.0 3549.0 harbor 0
4080.0 3402.0 4102.0 3403.0 4095.0 3473.0 4075.0 3472.0 harbor 0
3983.0 3299.0 4006.0 3299.0 4003.0 3417.0 3981.0 3416.0 harbor 0
4313.0 3479.0 4321.0 3473.0 4334.0 3493.0 4326.0 3498.0 ship 0
4257.0 3482.0 4264.0 3483.0 4264.0 3501.0 4257.0 3501.0 ship 0
4278.0 3517.0 4278.0 3511.0 4296.0 3510.0 4297.0 3517.0 ship 0
4334.0 3499.0 4338.0 3495.0 4345.0 3506.0 4339.0 3510.0 ship 1
4466.0 3253.0 4469.0 3246.0 4478.0 3250.0 4477.0 3258.0 ship 1
4432.0 3328.0 4439.0 3329.0 4437.0 3342.0 4429.0 3341.0 ship 1
4423.0 3476.0 4428.0 3480.0 4421.0 3491.0 4414.0 3488.0 ship 1
4277.0 3532.0 4279.0 3529.0 4289.0 3539.0 4285.0 3544.0 ship 1
4058.0 3475.0 4049.0 3476.0 4050.0 3459.0 4056.0 3458.0 ship 1
4049.0 3471.0 4041.0 3468.0 4047.0 3456.0 4055.0 3459.0 ship 1
3737.0 3344.0 3751.0 3343.0 3751.0 3371.0 3740.0 3371.0 ship 1
1738.0 3870.0 1725.0 3869.0 1726.0 3845.0 1740.0 3846.0 ship 1
2349.0 3707.0 2378.0 3708.0 2376.0 3770.0 2349.0 3771.0 harbor 0
141.0 464.0 149.0 464.0 148.0 483.0 140.0 483.0 small-vehicle 1
673.0 4057.0 697.0 4057.0 698.0 4115.0 674.0 4116.0 harbor 0
263.0 3946.0 273.0 3988.0 178.0 4012.0 169.0 3968.0 harbor 0
750.0 2837.0 695.0 2928.0 680.0 2918.0 736.0 2829.0 harbor 0
227.0 3141.0 225.0 3151.0 206.0 3149.0 206.0 3138.0 small-vehicle 1
211.0 3125.0 211.0 3114.0 230.0 3116.0 229.0 3126.0 small-vehicle 1
214.0 3113.0 214.0 3103.0 228.0 3104.0 229.0 3114.0 small-vehicle 1
216.0 3101.0 217.0 3092.0 231.0 3093.0 230.0 3102.0 small-vehicle 1
215.0 3092.0 215.0 3082.0 233.0 3082.0 233.0 3092.0 small-vehicle 1
217.0 3078.0 217.0 3071.0 233.0 3072.0 233.0 3079.0 small-vehicle 1
219.0 3067.0 218.0 3060.0 234.0 3060.0 234.0 3068.0 small-vehicle 1
221.0 3057.0 221.0 3046.0 242.0 3046.0 241.0 3057.0 small-vehicle 1
147.0 1968.0 148.0 1956.0 173.0 1961.0 172.0 1971.0 small-vehicle 1
222.0 1979.0 222.0 1990.0 200.0 1987.0 200.0 1976.0 small-vehicle 1
212.0 1877.0 214.0 1867.0 234.0 1871.0 231.0 1882.0 small-vehicle 1
211.0 1901.0 211.0 1892.0 232.0 1894.0 230.0 1904.0 small-vehicle 1
1989.0 605.0 1980.0 607.0 1974.0 585.0 1984.0 582.0 small-vehicle 0
2682.0 1385.0 2692.0 1385.0 2692.0 1407.0 2684.0 1408.0 small-vehicle 0
2695.0 1385.0 2704.0 1385.0 2703.0 1405.0 2694.0 1405.0 small-vehicle 0
2943.0 1382.0 2954.0 1382.0 2953.0 1408.0 2943.0 1408.0 small-vehicle 0
3193.0 1443.0 3195.0 1453.0 3178.0 1455.0 3177.0 1446.0 small-vehicle 0
3340.0 1517.0 3341.0 1528.0 3322.0 1526.0 3320.0 1516.0 small-vehicle 0
4233.0 133.0 4243.0 131.0 4252.0 154.0 4244.0 159.0 small-vehicle 0
4105.0 178.0 4096.0 173.0 4107.0 154.0 4115.0 160.0 small-vehicle 0
4019.0 3800.0 4017.0 3788.0 4039.0 3784.0 4042.0 3795.0 small-vehicle 0
4004.0 3760.0 4015.0 3760.0 4012.0 3786.0 4002.0 3786.0 small-vehicle 0
4006.0 3721.0 4006.0 3733.0 3983.0 3732.0 3984.0 3720.0 small-vehicle 0
320.0 4016.0 346.0 4033.0 288.0 4120.0 265.0 4107.0 harbor 0
724.0 3997.0 754.0 3991.0 771.0 4071.0 739.0 4084.0 harbor 0
2284.0 3698.0 2304.0 3703.0 2296.0 3770.0 2280.0 3770.0 harbor 0
788.0 3955.0 807.0 3950.0 830.0 4047.0 811.0 4053.0 harbor 0
2180.0 3694.0 2204.0 3692.0 2206.0 3735.0 2182.0 3739.0 harbor 0
2105.0 3685.0 2126.0 3684.0 2131.0 3762.0 2111.0 3764.0 harbor 0
2037.0 3712.0 2051.0 3712.0 2052.0 3774.0 2038.0 3776.0 harbor 0
1969.0 3753.0 1987.0 3753.0 1991.0 3825.0 1978.0 3825.0 harbor 0
1885.0 3780.0 1907.0 3777.0 1923.0 3879.0 1901.0 3884.0 harbor 0
1798.0 3801.0 1823.0 3802.0 1822.0 3909.0 1799.0 3909.0 harbor 0
1719.0 3810.0 1743.0 3810.0 1739.0 3915.0 1717.0 3915.0 harbor 0
2287.0 3757.0 2293.0 3757.0 2292.0 3771.0 2286.0 3771.0 ship 1
1930.0 3898.0 1923.0 3901.0 1916.0 3885.0 1926.0 3882.0 ship 0
1429.0 3896.0 1421.0 3896.0 1419.0 3880.0 1429.0 3879.0 ship 0
1474.0 3866.0 1475.0 3875.0 1460.0 3877.0 1460.0 3866.0 ship 1
1298.0 3909.0 1291.0 3907.0 1291.0 3895.0 1300.0 3896.0 ship 1
1050.0 3860.0 1049.0 3872.0 1075.0 3872.0 1074.0 3860.0 ship 1
1314.0 3879.0 1304.0 3879.0 1301.0 3857.0 1313.0 3857.0 ship 0
1166.0 3881.0 1149.0 3880.0 1153.0 3848.0 1168.0 3849.0 ship 0
1602.0 3810.0 1629.0 3809.0 1631.0 3889.0 1604.0 3889.0 harbor 0
1539.0 3808.0 1571.0 3808.0 1574.0 3894.0 1542.0 3893.0 harbor 0
1419.0 3804.0 1434.0 3803.0 1434.0 3857.0 1419.0 3857.0 harbor 0
1290.0 3838.0 1313.0 3837.0 1313.0 3901.0 1295.0 3901.0 harbor 0
1207.0 3826.0 1227.0 3825.0 1229.0 3890.0 1209.0 3890.0 harbor 0
1111.0 3849.0 1154.0 3851.0 1153.0 3903.0 1109.0 3902.0 harbor 0
1046.0 3874.0 1080.0 3872.0 1081.0 3956.0 1045.0 3958.0 harbor 0
999.0 3910.0 1015.0 3910.0 1019.0 3963.0 1001.0 3966.0 harbor 0
888.0 3921.0 911.0 3917.0 918.0 4008.0 894.0 4012.0 harbor 0
673.0 4087.0 659.0 4086.0 659.0 4059.0 674.0 4060.0 ship 0
4625.0 2720.0 4626.0 2697.0 4693.0 2703.0 4692.0 2725.0 harbor 0
4605.0 2629.0 4605.0 2607.0 4666.0 2612.0 4665.0 2632.0 harbor 0
4624.0 2565.0 4625.0 2544.0 4699.0 2547.0 4696.0 2570.0 harbor 0
1964.0 2197.0 1946.0 2201.0 1937.0 2152.0 1955.0 2148.0 harbor 0
2220.0 2163.0 2195.0 2168.0 2186.0 2116.0 2207.0 2112.0 harbor 0
2286.0 2133.0 2268.0 2138.0 2255.0 2083.0 2275.0 2078.0 harbor 0
2350.0 2156.0 2331.0 2161.0 2315.0 2069.0 2332.0 2064.0 harbor 0
2429.0 2137.0 2411.0 2142.0 2390.0 2052.0 2405.0 2048.0 harbor 0
3188.0 2181.0 3179.0 2178.0 3183.0 2160.0 3191.0 2162.0 small-vehicle 0
2530.0 2168.0 2530.0 2174.0 2515.0 2174.0 2515.0 2167.0 ship 1
2646.0 2123.0 2651.0 2127.0 2643.0 2142.0 2636.0 2138.0 ship 1
2939.0 2256.0 2931.0 2250.0 2949.0 2236.0 2955.0 2242.0 ship 1
3056.0 2274.0 3049.0 2271.0 3056.0 2256.0 3062.0 2258.0 ship 1
3044.0 2357.0 3041.0 2353.0 3057.0 2347.0 3059.0 2352.0 ship 1
2541.0 2184.0 2511.0 2181.0 2523.0 2060.0 2550.0 2062.0 harbor 0
2622.0 2244.0 2578.0 2236.0 2599.0 2133.0 2638.0 2137.0 harbor 0
2758.0 2270.0 2735.0 2268.0 2746.0 2187.0 2770.0 2188.0 harbor 0
2861.0 2236.0 2839.0 2231.0 2856.0 2154.0 2875.0 2157.0 harbor 0
2945.0 2293.0 2923.0 2285.0 2957.0 2205.0 2975.0 2212.0 harbor 0
3000.0 2314.0 2977.0 2304.0 3009.0 2229.0 3031.0 2234.0 harbor 0
3053.0 2364.0 3029.0 2349.0 3069.0 2286.0 3087.0 2299.0 harbor 0
3195.0 2493.0 3177.0 2488.0 3206.0 2352.0 3223.0 2354.0 harbor 0
3274.0 2495.0 3273.0 2483.0 3301.0 2485.0 3301.0 2495.0 ship 0
3297.0 2483.0 3269.0 2483.0 3266.0 2383.0 3295.0 2384.0 harbor 0
3532.0 2444.0 3493.0 2463.0 3455.0 2387.0 3491.0 2368.0 harbor 0
3652.0 2182.0 3643.0 2209.0 3575.0 2175.0 3589.0 2152.0 harbor 0
3671.0 2045.0 3656.0 2044.0 3660.0 2006.0 3675.0 2006.0 ship 0
3660.0 2010.0 3657.0 2043.0 3592.0 2034.0 3597.0 2004.0 harbor 0
3683.0 1889.0 3680.0 1918.0 3627.0 1916.0 3630.0 1889.0 harbor 0
2147.0 2232.0 2125.0 2238.0 2111.0 2181.0 2135.0 2175.0 harbor 0
1893.0 2207.0 1880.0 2208.0 1875.0 2177.0 1885.0 2174.0 harbor 0
4629.0 2682.0 4630.0 2667.0 4697.0 2673.0 4695.0 2689.0 harbor 0
2437.0 2017.0 2445.0 2017.0 2444.0 2037.0 2434.0 2036.0 ship 0
266.0 403.0 254.0 403.0 254.0 381.0 264.0 380.0 small-vehicle 0
317.0 429.0 309.0 429.0 311.0 409.0 319.0 408.0 small-vehicle 1
458.0 401.0 458.0 410.0 443.0 409.0 444.0 401.0 small-vehicle 1
463.0 423.0 463.0 432.0 447.0 432.0 447.0 423.0 small-vehicle 1
453.0 525.0 452.0 533.0 435.0 532.0 436.0 523.0 small-vehicle 1
456.0 500.0 456.0 509.0 436.0 508.0 435.0 499.0 small-vehicle 1
769.0 1429.0 769.0 1438.0 744.0 1439.0 744.0 1430.0 small-vehicle 1
766.0 1379.0 765.0 1389.0 746.0 1390.0 746.0 1382.0 small-vehicle 1
765.0 1364.0 764.0 1375.0 745.0 1374.0 745.0 1366.0 small-vehicle 1
491.0 1235.0 492.0 1248.0 471.0 1247.0 471.0 1235.0 small-vehicle 1
152.0 2598.0 161.0 2598.0 161.0 2621.0 152.0 2621.0 small-vehicle 0
929.0 2541.0 907.0 2548.0 897.0 2496.0 921.0 2492.0 harbor 0
847.0 2644.0 830.0 2644.0 843.0 2546.0 857.0 2545.0 harbor 0
1250.0 2586.0 1246.0 2579.0 1266.0 2570.0 1271.0 2575.0 ship 1
1396.0 2516.0 1374.0 2526.0 1336.0 2439.0 1352.0 2432.0 harbor 0
1485.0 2470.0 1461.0 2483.0 1416.0 2400.0 1438.0 2383.0 harbor 0
1460.0 2158.0 1451.0 2164.0 1442.0 2145.0 1450.0 2141.0 small-vehicle 0
1704.0 2209.0 1699.0 2210.0 1692.0 2194.0 1697.0 2192.0 ship 1
1843.0 2220.0 1831.0 2225.0 1825.0 2205.0 1837.0 2200.0 ship 1
1564.0 2434.0 1547.0 2443.0 1504.0 2361.0 1519.0 2352.0 harbor 0
1643.0 2365.0 1619.0 2379.0 1583.0 2309.0 1602.0 2295.0 harbor 0
1693.0 2340.0 1680.0 2347.0 1638.0 2269.0 1650.0 2260.0 harbor 0
1865.0 2232.0 1837.0 2241.0 1825.0 2200.0 1853.0 2190.0 harbor 0
1952.0 2182.0 1959.0 2183.0 1955.0 2197.0 1949.0 2197.0 ship 1
2204.0 2169.0 2196.0 2164.0 2205.0 2152.0 2212.0 2156.0 ship 0
3697.0 1786.0 3697.0 1814.0 3643.0 1815.0 3643.0 1786.0 harbor 0
3704.0 1743.0 3702.0 1770.0 3641.0 1766.0 3640.0 1740.0 harbor 0
3671.0 1613.0 3672.0 1642.0 3623.0 1646.0 3621.0 1618.0 harbor 0
3409.0 1662.0 3410.0 1653.0 3427.0 1654.0 3425.0 1664.0 small-vehicle 0
4685.0 1136.0 4682.0 1120.0 4769.0 1105.0 4774.0 1122.0 harbor 0
4691.0 1205.0 4696.0 1194.0 4737.0 1212.0 4732.0 1222.0 harbor 0
4704.0 1246.0 4698.0 1229.0 4752.0 1215.0 4757.0 1232.0 harbor 0
4678.0 1310.0 4683.0 1280.0 4757.0 1295.0 4752.0 1325.0 harbor 0
4993.0 1542.0 4984.0 1542.0 4984.0 1519.0 4993.0 1520.0 small-vehicle 0
4692.0 1460.0 4697.0 1432.0 4739.0 1442.0 4732.0 1470.0 harbor 0
4630.0 1718.0 4636.0 1690.0 4736.0 1717.0 4731.0 1745.0 harbor 0
4647.0 1848.0 4641.0 1824.0 4737.0 1808.0 4742.0 1834.0 harbor 0
4654.0 1894.0 4655.0 1871.0 4743.0 1875.0 4743.0 1893.0 harbor 0
4993.0 2076.0 4993.0 2089.0 4974.0 2089.0 4973.0 2076.0 small-vehicle 0
4645.0 1994.0 4647.0 1970.0 4718.0 1976.0 4719.0 1998.0 harbor 0
4655.0 2036.0 4656.0 2012.0 4725.0 2014.0 4724.0 2036.0 harbor 0
4630.0 2145.0 4633.0 2121.0 4695.0 2130.0 4692.0 2149.0 harbor 0
4622.0 2192.0 4624.0 2174.0 4688.0 2181.0 4687.0 2200.0 harbor 0
4676.0 2139.0 4675.0 2145.0 4657.0 2144.0 4655.0 2137.0 ship 0
4626.0 2192.0 4626.0 2186.0 4642.0 2187.0 4642.0 2193.0 ship 1
4693.0 2442.0 4691.0 2437.0 4707.0 2433.0 4709.0 2439.0 ship 1
4590.0 2460.0 4587.0 2466.0 4574.0 2456.0 4577.0 2450.0 ship 1
4689.0 2630.0 4692.0 2623.0 4705.0 2629.0 4703.0 2636.0 ship 1
4664.0 2541.0 4664.0 2545.0 4647.0 2546.0 4646.0 2540.0 ship 0
4584.0 2264.0 4587.0 2242.0 4654.0 2247.0 4653.0 2272.0 harbor 0
4569.0 2365.0 4568.0 2342.0 4680.0 2351.0 4679.0 2373.0 harbor 0
4570.0 2473.0 4570.0 2448.0 4685.0 2453.0 4685.0 2471.0 harbor 0
4704.0 2640.0 4703.0 2633.0 4723.0 2631.0 4723.0 2639.0 ship 0
4634.0 2624.0 4634.0 2616.0 4652.0 2616.0 4652.0 2624.0 ship 0
4694.0 1032.0 4691.0 1009.0 4764.0 1007.0 4763.0 1027.0 harbor 0
4712.0 971.0 4712.0 951.0 4760.0 952.0 4760.0 972.0 harbor 0
4698.0 919.0 4692.0 904.0 4762.0 875.0 4768.0 893.0 harbor 0
3912.0 628.0 3892.0 648.0 3826.0 578.0 3845.0 559.0 harbor 0
3670.0 1468.0 3669.0 1492.0 3604.0 1492.0 3604.0 1463.0 harbor 0
3678.0 1357.0 3676.0 1372.0 3619.0 1358.0 3622.0 1344.0 harbor 0
3738.0 1210.0 3736.0 1224.0 3667.0 1208.0 3670.0 1196.0 harbor 0
3796.0 1092.0 3789.0 1113.0 3727.0 1091.0 3735.0 1069.0 harbor 0
3817.0 946.0 3807.0 967.0 3733.0 936.0 3742.0 916.0 harbor 0
3582.0 592.0 3588.0 587.0 3608.0 601.0 3602.0 608.0 small-vehicle 1
3577.0 603.0 3581.0 597.0 3596.0 610.0 3592.0 615.0 small-vehicle 1
3839.0 768.0 3832.0 764.0 3841.0 751.0 3846.0 755.0 ship 0
3869.0 760.0 3857.0 779.0 3775.0 726.0 3786.0 706.0 harbor 0
3894.0 715.0 3882.0 735.0 3786.0 680.0 3797.0 661.0 harbor 0
3917.0 576.0 3921.0 569.0 3932.0 578.0 3929.0 583.0 ship 1
3934.0 577.0 3921.0 595.0 3856.0 545.0 3870.0 527.0 harbor 0
4744.0 775.0 4737.0 762.0 4822.0 724.0 4830.0 738.0 harbor 0
3965.0 544.0 3947.0 556.0 3907.0 488.0 3925.0 477.0 harbor 0
4216.0 392.0 4188.0 395.0 4184.0 309.0 4209.0 307.0 harbor 0
4456.0 282.0 4462.0 284.0 4455.0 300.0 4449.0 296.0 ship 1
4327.0 477.0 4304.0 463.0 4388.0 333.0 4410.0 346.0 harbor 0
4425.0 496.0 4415.0 490.0 4483.0 356.0 4489.0 361.0 harbor 0
4686.0 372.0 4692.0 376.0 4682.0 393.0 4674.0 389.0 ship 0
4574.0 532.0 4563.0 523.0 4654.0 416.0 4663.0 423.0 harbor 0
4720.0 524.0 4710.0 511.0 4759.0 480.0 4767.0 492.0 harbor 0
4720.0 564.0 4703.0 542.0 4765.0 496.0 4778.0 517.0 harbor 0
4745.0 644.0 4740.0 639.0 4753.0 631.0 4756.0 638.0 ship 0
4720.0 663.0 4712.0 651.0 4825.0 578.0 4831.0 589.0 harbor 0
1863.0 3818.0 1873.0 3815.0 1880.0 3863.0 1867.0 3863.0 harbor 0
