imagesource:GoogleEarth
gsd:0.12117843786
2131.0 528.0 2533.0 544.0 2502.0 1446.0 2100.0 1433.0 soccer-ball-field 0
1509.0 404.0 1531.0 404.0 1531.0 448.0 1509.0 448.0 small-vehicle 0
489.0 172.0 580.0 176.0 571.0 373.0 478.0 370.0 tennis-court 0
631.0 176.0 722.0 179.0 716.0 376.0 621.0 374.0 tennis-court 0
331.0 471.0 427.0 471.0 421.0 668.0 330.0 667.0 tennis-court 0
478.0 474.0 570.0 477.0 565.0 676.0 471.0 673.0 tennis-court 0
620.0 478.0 714.0 481.0 707.0 678.0 613.0 676.0 tennis-court 0
1637.0 1779.0 2396.0 1800.0 2386.0 2261.0 1627.0 2239.0 soccer-ball-field 0
2003.0 229.0 2687.0 246.0 2603.0 1751.0 1957.0 1717.0 ground-track-field 0
401.0 1409.0 422.0 921.0 932.0 942.0 913.0 1432.0 baseball-diamond 0
2574.0 3015.0 1925.0 3001.0 1962.0 2323.0 2592.0 2366.0 baseball-diamond 0
741.0 2966.0 785.0 2115.0 1664.0 2164.0 1629.0 3001.0 baseball-diamond 0
1494.0 384.0 1471.0 384.0 1474.0 341.0 1494.0 342.0 small-vehicle 1
1493.0 233.0 1514.0 233.0 1514.0 280.0 1493.0 280.0 small-vehicle 0
1269.0 113.0 1268.0 138.0 1205.0 132.0 1209.0 106.0 small-vehicle 0
1167.0 709.0 1192.0 709.0 1189.0 758.0 1167.0 756.0 small-vehicle 0
1239.0 767.0 1213.0 765.0 1215.0 712.0 1242.0 712.0 small-vehicle 0
1260.0 738.0 1258.0 717.0 1305.0 714.0 1307.0 736.0 small-vehicle 1
1209.0 836.0 1207.0 816.0 1251.0 816.0 1251.0 834.0 small-vehicle 1
1211.0 855.0 1211.0 835.0 1252.0 834.0 1252.0 854.0 small-vehicle 1
1162.0 834.0 1165.0 813.0 1209.0 818.0 1206.0 838.0 small-vehicle 1
1123.0 814.0 1122.0 834.0 1080.0 833.0 1081.0 813.0 small-vehicle 1
1076.0 836.0 1121.0 836.0 1121.0 859.0 1076.0 857.0 small-vehicle 1
342.0 2625.0 367.0 2627.0 363.0 2669.0 342.0 2668.0 small-vehicle 1
344.0 2536.0 365.0 2536.0 362.0 2581.0 341.0 2580.0 small-vehicle 1
165.0 2402.0 166.0 2423.0 122.0 2424.0 121.0 2403.0 small-vehicle 0
344.0 167.0 437.0 170.0 430.0 367.0 334.0 364.0 tennis-court 0
